0.0224921  0.713362  -0.700435  -0.619666  0.0731573  0.69756  0.712782  0.532762  0.997067  -0.0672739  -0.036498  0.603436
0.0224921  0.713362  -0.700435  -0.619666  0.0731573  0.69756  0.712782  0.532762  0.997067  -0.0672739  -0.036498  0.603436
0.0224921  0.713362  -0.700435  -0.619666  0.0731573  0.69756  0.712782  0.532762  0.997067  -0.0672739  -0.036498  0.603436
0.0224921  0.713362  -0.700435  -0.619666  0.0731573  0.69756  0.712782  0.532762  0.997067  -0.0672739  -0.036498  0.603436
0.0224921  0.713362  -0.700435  -0.619666  0.0731573  0.69756  0.712782  0.532762  0.997067  -0.0672739  -0.036498  0.603436
0.0224921  0.713362  -0.700435  -0.619666  0.0731573  0.69756  0.712782  0.532762  0.997067  -0.0672739  -0.036498  0.603436
0.0224921  0.713362  -0.700435  -0.619666  0.0731573  0.69756  0.712782  0.532762  0.997067  -0.0672739  -0.036498  0.603436
0.0224921  0.713362  -0.700435  -0.619666  0.0731573  0.69756  0.712782  0.532762  0.997067  -0.0672739  -0.036498  0.603436
0.0224921  0.713362  -0.700435  -0.619666  0.0731573  0.69756  0.712782  0.532762  0.997067  -0.0672739  -0.036498  0.603436
0.0224921  0.713362  -0.700435  -0.619666  0.0731573  0.69756  0.712782  0.532762  0.997067  -0.0672739  -0.036498  0.603436
0.0224921  0.713362  -0.700435  -0.619666  0.0731573  0.69756  0.712782  0.532762  0.997067  -0.0672739  -0.036498  0.603436
0.0224921  0.713362  -0.700435  -0.619666  0.0731573  0.69756  0.712782  0.532762  0.997067  -0.0672739  -0.036498  0.603436
0.0224921  0.713362  -0.700435  -0.619666  0.0731573  0.69756  0.712782  0.532762  0.997067  -0.0672739  -0.036498  0.603436
0.0224921  0.713362  -0.700435  -0.619666  0.0731573  0.69756  0.712782  0.532762  0.997067  -0.0672739  -0.036498  0.603436
0.0224921  0.713362  -0.700435  -0.619666  0.0731573  0.69756  0.712782  0.532762  0.997067  -0.0672739  -0.036498  0.603436
0.0224921  0.713362  -0.700435  -0.619666  0.0731573  0.69756  0.712782  0.532762  0.997067  -0.0672739  -0.036498  0.603436
0.0224921  0.713362  -0.700435  -0.619666  0.0731573  0.69756  0.712782  0.532762  0.997067  -0.0672739  -0.036498  0.603436
0.0224921  0.713362  -0.700435  -0.619666  0.0731573  0.69756  0.712782  0.532762  0.997067  -0.0672739  -0.036498  0.603436
0.0224921  0.713362  -0.700435  -0.619666  0.0731573  0.69756  0.712782  0.532762  0.997067  -0.0672739  -0.036498  0.603436
0.0224921  0.713362  -0.700435  -0.619666  0.0731573  0.69756  0.712782  0.532762  0.997067  -0.0672739  -0.036498  0.603436
0.0224921  0.713362  -0.700435  -0.619666  0.0731573  0.69756  0.712782  0.532762  0.997067  -0.0672739  -0.036498  0.603436
0.0224921  0.713362  -0.700435  -0.619666  0.0731573  0.69756  0.712782  0.532762  0.997067  -0.0672739  -0.036498  0.603436
0.0224921  0.713362  -0.700435  -0.619666  0.0731573  0.69756  0.712782  0.532762  0.997067  -0.0672739  -0.036498  0.603436
0.0224921  0.713362  -0.700435  -0.619666  0.0731573  0.69756  0.712782  0.532762  0.997067  -0.0672739  -0.036498  0.603436
0.0224921  0.713362  -0.700435  -0.619666  0.0731573  0.69756  0.712782  0.532762  0.997067  -0.0672739  -0.036498  0.603436
0.0224921  0.713362  -0.700435  -0.619666  0.0731573  0.69756  0.712782  0.532762  0.997067  -0.0672739  -0.036498  0.603436
0.0224921  0.713362  -0.700435  -0.619666  0.0731573  0.69756  0.712782  0.532762  0.997067  -0.0672739  -0.036498  0.603436
0.0224921  0.713362  -0.700435  -0.619666  0.0731573  0.69756  0.712782  0.532762  0.997067  -0.0672739  -0.036498  0.603436
0.0224921  0.713362  -0.700435  -0.619666  0.0731573  0.69756  0.712782  0.532762  0.997067  -0.0672739  -0.036498  0.603436
0.0224921  0.713362  -0.700435  -0.619666  0.0731573  0.69756  0.712782  0.532762  0.997067  -0.0672739  -0.036498  0.603436
0.0224919  0.71336  -0.700436  -0.619667  0.0731573  0.697561  0.712781  0.532761  0.997067  -0.0672739  -0.036498  0.603436
0.0224919  0.71336  -0.700436  -0.619667  0.0731573  0.697561  0.712781  0.532761  0.997067  -0.0672739  -0.036498  0.603436
0.0224919  0.71336  -0.700436  -0.619667  0.0731573  0.697561  0.712781  0.532761  0.997067  -0.0672739  -0.036498  0.603436
0.0224919  0.71336  -0.700436  -0.619667  0.0731573  0.697561  0.712781  0.532761  0.997067  -0.0672739  -0.036498  0.603436
0.0224919  0.71336  -0.700436  -0.619667  0.0731573  0.697561  0.712781  0.532761  0.997067  -0.0672739  -0.036498  0.603436
0.0224919  0.71336  -0.700436  -0.619667  0.0731573  0.697561  0.712781  0.532761  0.997067  -0.0672739  -0.036498  0.603436
0.0224919  0.71336  -0.700436  -0.619667  0.0731573  0.697561  0.712781  0.532761  0.997067  -0.0672739  -0.036498  0.603436
0.0224919  0.71336  -0.700436  -0.619667  0.0731573  0.697561  0.712781  0.532761  0.997067  -0.0672739  -0.036498  0.603436
0.0224919  0.71336  -0.700436  -0.619667  0.0731573  0.697561  0.712781  0.532761  0.997067  -0.0672739  -0.036498  0.603436
0.0224919  0.71336  -0.700436  -0.619667  0.0731573  0.697561  0.712781  0.532761  0.997067  -0.0672739  -0.036498  0.603436
0.0224919  0.71336  -0.700436  -0.619667  0.0731573  0.697561  0.712781  0.532761  0.997067  -0.0672739  -0.036498  0.603436
0.0224919  0.71336  -0.700436  -0.619667  0.0731573  0.697561  0.712781  0.532761  0.997067  -0.0672739  -0.036498  0.603436
0.0224919  0.71336  -0.700436  -0.619667  0.0731573  0.697561  0.712781  0.532761  0.997067  -0.0672739  -0.036498  0.603436
0.0224919  0.71336  -0.700436  -0.619667  0.0731573  0.697561  0.712781  0.532761  0.997067  -0.0672739  -0.036498  0.603436
0.0224919  0.71336  -0.700436  -0.619667  0.0731573  0.697561  0.712781  0.532761  0.997067  -0.0672739  -0.036498  0.603436
0.0224919  0.71336  -0.700436  -0.619667  0.0731573  0.697561  0.712781  0.532761  0.997067  -0.0672739  -0.036498  0.603436
0.0224919  0.71336  -0.700436  -0.619667  0.0731573  0.697561  0.712781  0.532761  0.997067  -0.0672739  -0.036498  0.603436
0.0224919  0.71336  -0.700436  -0.619667  0.0731573  0.697561  0.712781  0.532761  0.997067  -0.0672739  -0.036498  0.603436
0.0224919  0.71336  -0.700436  -0.619667  0.0731573  0.697561  0.712781  0.532761  0.997067  -0.0672739  -0.036498  0.603436
0.0224919  0.71336  -0.700436  -0.619667  0.0731573  0.697561  0.712781  0.532761  0.997067  -0.0672739  -0.036498  0.603436
0.0224919  0.71336  -0.700436  -0.619667  0.0731573  0.697561  0.712781  0.532761  0.997067  -0.0672739  -0.036498  0.603436
0.0224919  0.71336  -0.700436  -0.619667  0.0731573  0.697561  0.712781  0.532761  0.997067  -0.0672739  -0.036498  0.603436
0.0224919  0.71336  -0.700436  -0.619667  0.0731573  0.697561  0.712781  0.532761  0.997067  -0.0672739  -0.036498  0.603436
0.0224919  0.71336  -0.700436  -0.619667  0.0731573  0.697561  0.712781  0.532761  0.997067  -0.0672739  -0.036498  0.603436
0.0224919  0.71336  -0.700436  -0.619667  0.0731573  0.697561  0.712781  0.532761  0.997067  -0.0672739  -0.036498  0.603436
0.0224917  0.713358  -0.700439  -0.619669  0.0731574  0.697563  0.712779  0.532759  0.997067  -0.0672739  -0.036498  0.603436
0.0224917  0.713358  -0.700439  -0.619669  0.0731574  0.697563  0.712779  0.532759  0.997067  -0.0672739  -0.036498  0.603436
0.0224917  0.713358  -0.700439  -0.619669  0.0731574  0.697563  0.712779  0.532759  0.997067  -0.0672739  -0.036498  0.603436
0.0224917  0.713358  -0.700439  -0.619669  0.0731574  0.697563  0.712779  0.532759  0.997067  -0.0672739  -0.036498  0.603436
0.0224917  0.713358  -0.700439  -0.619669  0.0731574  0.697563  0.712779  0.532759  0.997067  -0.0672739  -0.036498  0.603436
0.0224917  0.713358  -0.700439  -0.619669  0.0731574  0.697563  0.712779  0.532759  0.997067  -0.0672739  -0.036498  0.603436
0.0224917  0.713358  -0.700439  -0.619669  0.0731574  0.697563  0.712779  0.532759  0.997067  -0.0672739  -0.036498  0.603436
0.0224917  0.713358  -0.700439  -0.619669  0.0731574  0.697563  0.712779  0.532759  0.997067  -0.0672739  -0.036498  0.603436
0.0224917  0.713358  -0.700439  -0.619669  0.0731574  0.697563  0.712779  0.532759  0.997067  -0.0672739  -0.036498  0.603436
0.0224917  0.713358  -0.700439  -0.619669  0.0731574  0.697563  0.712779  0.532759  0.997067  -0.0672739  -0.036498  0.603436
0.0224917  0.713358  -0.700439  -0.619669  0.0731574  0.697563  0.712779  0.532759  0.997067  -0.0672739  -0.036498  0.603436
0.0224917  0.713358  -0.700439  -0.619669  0.0731574  0.697563  0.712779  0.532759  0.997067  -0.0672739  -0.036498  0.603436
0.0224916  0.713357  -0.70044  -0.61967  0.0731574  0.697565  0.712777  0.532758  0.997067  -0.0672739  -0.036498  0.603436
0.0224916  0.713357  -0.70044  -0.61967  0.0731574  0.697565  0.712777  0.532758  0.997067  -0.0672739  -0.036498  0.603436
0.0224916  0.713357  -0.70044  -0.61967  0.0731574  0.697565  0.712777  0.532758  0.997067  -0.0672739  -0.036498  0.603436
0.0224916  0.713357  -0.70044  -0.61967  0.0731574  0.697565  0.712777  0.532758  0.997067  -0.0672739  -0.036498  0.603436
0.0224916  0.713357  -0.70044  -0.61967  0.0731574  0.697565  0.712777  0.532758  0.997067  -0.0672739  -0.036498  0.603436
0.0224916  0.713357  -0.70044  -0.61967  0.0731574  0.697565  0.712777  0.532758  0.997067  -0.0672739  -0.036498  0.603436
0.0224916  0.713357  -0.70044  -0.61967  0.0731574  0.697565  0.712777  0.532758  0.997067  -0.0672739  -0.036498  0.603436
0.0224916  0.713357  -0.70044  -0.61967  0.0731574  0.697565  0.712777  0.532758  0.997067  -0.0672739  -0.036498  0.603436
0.0224914  0.713355  -0.700441  -0.61967  0.0731575  0.697566  0.712776  0.532757  0.997067  -0.0672739  -0.036498  0.603436
0.0224914  0.713355  -0.700441  -0.61967  0.0731575  0.697566  0.712776  0.532757  0.997067  -0.0672739  -0.036498  0.603436
0.0224914  0.713355  -0.700441  -0.61967  0.0731575  0.697566  0.712776  0.532757  0.997067  -0.0672739  -0.036498  0.603436
0.0224914  0.713355  -0.700441  -0.61967  0.0731575  0.697566  0.712776  0.532757  0.997067  -0.0672739  -0.036498  0.603436
0.0224914  0.713355  -0.700441  -0.61967  0.0731575  0.697566  0.712776  0.532757  0.997067  -0.0672739  -0.036498  0.603436
0.0224913  0.713354  -0.700443  -0.619671  0.0731575  0.697567  0.712775  0.532756  0.997067  -0.0672739  -0.036498  0.603436
0.0224913  0.713354  -0.700443  -0.619671  0.0731575  0.697567  0.712775  0.532756  0.997067  -0.0672739  -0.036498  0.603436
0.0224913  0.713354  -0.700443  -0.619671  0.0731575  0.697567  0.712775  0.532756  0.997067  -0.0672739  -0.036498  0.603436
0.0224913  0.713354  -0.700443  -0.619671  0.0731575  0.697567  0.712775  0.532756  0.997067  -0.0672739  -0.036498  0.603436
0.0224913  0.713354  -0.700443  -0.619671  0.0731575  0.697567  0.712775  0.532756  0.997067  -0.0672739  -0.036498  0.603436
0.0224912  0.713353  -0.700444  -0.619672  0.0731575  0.697568  0.712774  0.532755  0.997067  -0.0672739  -0.036498  0.603436
0.0224912  0.713353  -0.700444  -0.619672  0.0731575  0.697568  0.712774  0.532755  0.997067  -0.0672739  -0.036498  0.603436
0.022491  0.713352  -0.700445  -0.619673  0.0731576  0.69757  0.712772  0.532754  0.997067  -0.0672739  -0.036498  0.603436
0.022491  0.713352  -0.700445  -0.619673  0.0731576  0.69757  0.712772  0.532754  0.997067  -0.0672739  -0.036498  0.603436
0.022491  0.713352  -0.700445  -0.619673  0.0731576  0.69757  0.712772  0.532754  0.997067  -0.0672739  -0.036498  0.603436
0.0224909  0.713351  -0.700446  -0.619674  0.0731576  0.697571  0.712771  0.532753  0.997067  -0.0672739  -0.036498  0.603436
0.0224909  0.713351  -0.700446  -0.619674  0.0731576  0.697571  0.712771  0.532753  0.997067  -0.0672739  -0.036498  0.603436
0.0224907  0.713348  -0.700449  -0.619676  0.0731577  0.697573  0.712769  0.53275  0.997067  -0.0672739  -0.036498  0.603436
0.0224783  0.713349  -0.700448  -0.619676  0.0731699  0.697573  0.712768  0.532751  0.997066  -0.0672735  -0.0365155  0.603426
0.0224783  0.713349  -0.700448  -0.619676  0.0731699  0.697573  0.712768  0.532751  0.997066  -0.0672735  -0.0365155  0.603426
0.0224768  0.713342  -0.700456  -0.619678  0.0731838  0.697579  0.71276  0.532749  0.997065  -0.0672826  -0.0365257  0.603424
0.0224768  0.713342  -0.700456  -0.619678  0.0731838  0.697579  0.71276  0.532749  0.997065  -0.0672826  -0.0365257  0.603424
0.0224643  0.713341  -0.700457  -0.619683  0.0731961  0.69758  0.712759  0.532752  0.997065  -0.0672823  -0.0365431  0.60341
0.0224643  0.713341  -0.700457  -0.619683  0.0731961  0.69758  0.712759  0.532752  0.997065  -0.0672823  -0.0365431  0.60341
0.0224643  0.713341  -0.700457  -0.619683  0.0731961  0.69758  0.712759  0.532752  0.997065  -0.0672823  -0.0365431  0.60341
0.0224642  0.71334  -0.700458  -0.619684  0.0731961  0.697581  0.712757  0.532751  0.997065  -0.0672823  -0.0365431  0.60341
0.0224642  0.71334  -0.700458  -0.619684  0.0731961  0.697581  0.712757  0.532751  0.997065  -0.0672823  -0.0365431  0.60341
0.0224642  0.71334  -0.700458  -0.619684  0.0731961  0.697581  0.712757  0.532751  0.997065  -0.0672823  -0.0365431  0.60341
0.0224518  0.713341  -0.700458  -0.619685  0.0732083  0.69758  0.712757  0.532751  0.997064  -0.067282  -0.0365606  0.6034
0.0224518  0.713341  -0.700458  -0.619685  0.0732083  0.69758  0.712757  0.532751  0.997064  -0.067282  -0.0365606  0.6034
0.0224518  0.713341  -0.700458  -0.619685  0.0732083  0.69758  0.712757  0.532751  0.997064  -0.067282  -0.0365606  0.6034
0.0224518  0.713341  -0.700458  -0.619685  0.0732083  0.69758  0.712757  0.532751  0.997064  -0.067282  -0.0365606  0.6034
0.0224516  0.71334  -0.700459  -0.619685  0.0732084  0.697581  0.712756  0.53275  0.997064  -0.067282  -0.0365606  0.6034
0.0224392  0.71334  -0.700458  -0.619686  0.0732206  0.697581  0.712755  0.53275  0.997063  -0.0672817  -0.036578  0.603391
0.0224392  0.71334  -0.700458  -0.619686  0.0732206  0.697581  0.712755  0.53275  0.997063  -0.0672817  -0.036578  0.603391
0.0224268  0.713341  -0.700458  -0.619686  0.0732328  0.69758  0.712755  0.532751  0.997063  -0.0672813  -0.0365955  0.603382
0.0224268  0.713341  -0.700458  -0.619686  0.0732328  0.69758  0.712755  0.532751  0.997063  -0.0672813  -0.0365955  0.603382
0.0224268  0.713341  -0.700458  -0.619686  0.0732328  0.69758  0.712755  0.532751  0.997063  -0.0672813  -0.0365955  0.603382
0.0224145  0.713343  -0.700457  -0.619687  0.0732694  0.697577  0.712754  0.532752  0.99706  -0.0672981  -0.0366303  0.603363
0.0224145  0.713343  -0.700457  -0.619687  0.0732694  0.697577  0.712754  0.532752  0.99706  -0.0672981  -0.0366303  0.603363
0.0223647  0.713344  -0.700457  -0.619693  0.0732939  0.697577  0.712751  0.532755  0.99706  -0.0672797  -0.0366827  0.60333
0.0223647  0.713344  -0.700457  -0.619693  0.0732939  0.697577  0.712751  0.532755  0.99706  -0.0672797  -0.0366827  0.60333
0.0223645  0.713342  -0.700459  -0.619695  0.073294  0.697579  0.712749  0.532753  0.99706  -0.0672797  -0.0366827  0.60333
0.0223397  0.713343  -0.700458  -0.619695  0.0733184  0.697578  0.712748  0.532754  0.997058  -0.0672791  -0.0367175  0.603312
0.0223397  0.713343  -0.700458  -0.619695  0.0733184  0.697578  0.712748  0.532754  0.997058  -0.0672791  -0.0367175  0.603312
0.0223022  0.713343  -0.70046  -0.619703  0.0733796  0.697577  0.712743  0.532756  0.997055  -0.0672952  -0.0367873  0.60327
0.0223022  0.713343  -0.70046  -0.619703  0.0733796  0.697577  0.712743  0.532756  0.997055  -0.0672952  -0.0367873  0.60327
0.0223018  0.713339  -0.700464  -0.619706  0.0733797  0.697581  0.712739  0.532753  0.997055  -0.0672952  -0.0367873  0.60327
0.0222646  0.713342  -0.700463  -0.619707  0.0734163  0.697578  0.712738  0.532754  0.997053  -0.0672942  -0.0368396  0.603242
0.0222646  0.713342  -0.700463  -0.619707  0.0734163  0.697578  0.712738  0.532754  0.997053  -0.0672942  -0.0368396  0.603242
0.0222271  0.713342  -0.700464  -0.61971  0.073453  0.697578  0.712734  0.532753  0.997051  -0.0672932  -0.0368919  0.603214
0.0222271  0.713342  -0.700464  -0.61971  0.073453  0.697578  0.712734  0.532753  0.997051  -0.0672932  -0.0368919  0.603214
0.0222268  0.713338  -0.700468  -0.619713  0.0734531  0.697582  0.71273  0.532749  0.997051  -0.0672932  -0.0368919  0.603214
0.0221648  0.713342  -0.700465  -0.619715  0.0735142  0.697578  0.712728  0.532751  0.997048  -0.0672916  -0.0369791  0.603168
0.0221648  0.713342  -0.700465  -0.619715  0.0735142  0.697578  0.712728  0.532751  0.997048  -0.0672916  -0.0369791  0.603168
0.0220778  0.713346  -0.700465  -0.61972  0.0735998  0.697575  0.712722  0.532752  0.997043  -0.0672893  -0.0371012  0.603103
0.0220778  0.713346  -0.700465  -0.61972  0.0735998  0.697575  0.712722  0.532752  0.997043  -0.0672893  -0.0371012  0.603103
0.0220775  0.713343  -0.700467  -0.619722  0.0735999  0.697577  0.71272  0.53275  0.997043  -0.0672893  -0.0371012  0.603103
0.0219287  0.713353  -0.700462  -0.619726  0.0737464  0.697567  0.712714  0.532754  0.997036  -0.0672855  -0.0373105  0.602991
0.0219287  0.713353  -0.700462  -0.619726  0.0737464  0.697567  0.712714  0.532754  0.997036  -0.0672855  -0.0373105  0.602991
0.0217548  0.713361  -0.700459  -0.619734  0.0739175  0.697559  0.712704  0.532756  0.997027  -0.0672809  -0.0375546  0.602861
0.0217548  0.713361  -0.700459  -0.619734  0.0739175  0.697559  0.712704  0.532756  0.997027  -0.0672809  -0.0375546  0.602861
0.0217547  0.71336  -0.70046  -0.619735  0.0739175  0.697561  0.712703  0.532755  0.997027  -0.0672809  -0.0375546  0.602861
0.0215564  0.713373  -0.700452  -0.619741  0.0741129  0.697547  0.712696  0.532761  0.997017  -0.0672757  -0.0378336  0.602712
0.0215564  0.713373  -0.700452  -0.619741  0.0741129  0.697547  0.712696  0.532761  0.997017  -0.0672757  -0.0378336  0.602712
0.021333  0.713386  -0.700446  -0.619754  0.0743328  0.697535  0.712685  0.53277  0.997005  -0.0672699  -0.0381475  0.60254
0.021333  0.713386  -0.700446  -0.619754  0.0743328  0.697535  0.712685  0.53277  0.997005  -0.0672699  -0.0381475  0.60254
0.0213325  0.713381  -0.700451  -0.619758  0.074333  0.69754  0.71268  0.532765  0.997005  -0.0672699  -0.0381475  0.60254
0.0210845  0.713398  -0.700442  -0.619765  0.0745772  0.697524  0.71267  0.532773  0.996992  -0.0672634  -0.0384963  0.602354
0.0210845  0.713398  -0.700442  -0.619765  0.0745772  0.697524  0.71267  0.532773  0.996992  -0.0672634  -0.0384963  0.602354
0.0208114  0.713413  -0.700435  -0.619776  0.074846  0.697509  0.712656  0.532778  0.996978  -0.0672562  -0.0388799  0.60215
0.0208114  0.713413  -0.700435  -0.619776  0.074846  0.697509  0.712656  0.532778  0.996978  -0.0672562  -0.0388799  0.60215
0.020786  0.713408  -0.70044  -0.619789  0.0748706  0.697514  0.712649  0.53278  0.996977  -0.0672555  -0.0389148  0.602122
0.0205505  0.713424  -0.700431  -0.619796  0.0751026  0.697498  0.71264  0.532787  0.996964  -0.0672493  -0.0392461  0.601945
0.0205505  0.713424  -0.700431  -0.619796  0.0751026  0.697498  0.71264  0.532787  0.996964  -0.0672493  -0.0392461  0.601945
0.0201534  0.713447  -0.700419  -0.619822  0.0754935  0.697475  0.712621  0.532806  0.996943  -0.0672389  -0.0398041  0.601633
0.0201534  0.713447  -0.700419  -0.619822  0.0754935  0.697475  0.712621  0.532806  0.996943  -0.0672389  -0.0398041  0.601633
0.0201279  0.713442  -0.700426  -0.619835  0.0755182  0.697481  0.712613  0.532808  0.996941  -0.0672382  -0.039839  0.601605
0.019756  0.713467  -0.700411  -0.619846  0.0758845  0.697457  0.712598  0.532819  0.996921  -0.0672284  -0.0403621  0.601326
0.019756  0.713467  -0.700411  -0.619846  0.0758845  0.697457  0.712598  0.532819  0.996921  -0.0672284  -0.0403621  0.601326
0.0192225  0.713498  -0.700394  -0.619873  0.0764097  0.697426  0.712572  0.532837  0.996891  -0.0672143  -0.0411119  0.600916
0.0192225  0.713498  -0.700394  -0.619873  0.0764097  0.697426  0.712572  0.532837  0.996891  -0.0672143  -0.0411119  0.600916
0.0191969  0.713492  -0.7004  -0.619887  0.0764343  0.697432  0.712563  0.532838  0.99689  -0.0672136  -0.0411467  0.600888
0.0186144  0.713531  -0.700376  -0.619904  0.0770082  0.697393  0.712539  0.532855  0.996857  -0.0671981  -0.0419662  0.600451
0.0186144  0.713531  -0.700376  -0.619904  0.0770082  0.697393  0.712539  0.532855  0.996857  -0.0671981  -0.0419662  0.600451
0.0179555  0.713563  -0.700361  -0.619931  0.0776693  0.697361  0.712499  0.532871  0.996817  -0.0671898  -0.0429005  0.599951
0.0179555  0.713563  -0.700361  -0.619931  0.0776693  0.697361  0.712499  0.532871  0.996817  -0.0671898  -0.0429005  0.599951
0.0179425  0.713559  -0.700365  -0.619939  0.0776817  0.697366  0.712493  0.53287  0.996817  -0.0671894  -0.042918  0.599937
0.0172237  0.713608  -0.700333  -0.619959  0.0784142  0.697316  0.712462  0.53289  0.996772  -0.0671873  -0.0439466  0.599389
0.0172237  0.713608  -0.700333  -0.619959  0.0784142  0.697316  0.712462  0.53289  0.996772  -0.0671873  -0.0439466  0.599389
0.016393  0.713661  -0.700299  -0.619987  0.0792078  0.697265  0.712424  0.532914  0.996723  -0.0671479  -0.0450972  0.598771
0.016393  0.713661  -0.700299  -0.619987  0.0792078  0.697265  0.712424  0.532914  0.996723  -0.0671479  -0.0450972  0.598771
0.0163925  0.713656  -0.700304  -0.619991  0.0792079  0.69727  0.712419  0.532909  0.996723  -0.0671479  -0.0450972  0.598771
0.0155002  0.713717  -0.700263  -0.620015  0.0800869  0.697211  0.712378  0.532933  0.996667  -0.0671239  -0.0463524  0.598101
0.0155002  0.713717  -0.700263  -0.620015  0.0800869  0.697211  0.712378  0.532933  0.996667  -0.0671239  -0.0463524  0.598101
0.0145574  0.713771  -0.700227  -0.620049  0.0810148  0.697157  0.712326  0.532953  0.996607  -0.0670984  -0.0476772  0.59739
0.0145574  0.713771  -0.700227  -0.620049  0.0810148  0.697157  0.712326  0.532953  0.996607  -0.0670984  -0.0476772  0.59739
0.0145688  0.713762  -0.700237  -0.620052  0.0810027  0.697167  0.712318  0.532941  0.996607  -0.0670987  -0.0476598  0.597404
0.0133421  0.713845  -0.700177  -0.620082  0.0822111  0.697085  0.712259  0.532972  0.996526  -0.0670653  -0.0493854  0.596484
0.0133421  0.713845  -0.700177  -0.620082  0.0822111  0.697085  0.712259  0.532972  0.996526  -0.0670653  -0.0493854  0.596484
0.0119405  0.713927  -0.700119  -0.620125  0.0835904  0.697005  0.712177  0.532994  0.996429  -0.067027  -0.0513549  0.595434
0.0119405  0.713927  -0.700119  -0.620125  0.0835904  0.697005  0.712177  0.532994  0.996429  -0.067027  -0.0513549  0.595434
0.0119386  0.713911  -0.700135  -0.620137  0.0835907  0.697021  0.712161  0.53298  0.996429  -0.067027  -0.0513549  0.595434
0.0103651  0.714017  -0.700052  -0.620174  0.0851405  0.696917  0.71208  0.533015  0.996315  -0.0669836  -0.0535681  0.594253
0.0103651  0.714017  -0.700052  -0.620174  0.0851405  0.696917  0.71208  0.533015  0.996315  -0.0669836  -0.0535681  0.594253
0.00864022  0.714113  -0.699977  -0.620222  0.0868505  0.696822  0.711966  0.53304  0.996184  -0.0669449  -0.0560004  0.592958
0.00864022  0.714113  -0.699977  -0.620222  0.0868505  0.696822  0.711966  0.53304  0.996184  -0.0669449  -0.0560004  0.592958
0.00863825  0.714097  -0.699993  -0.620234  0.0868507  0.696838  0.71195  0.533025  0.996184  -0.0669449  -0.0560004  0.592958
0.00701557  0.714206  -0.6999  -0.620267  0.0884488  0.696731  0.711859  0.533058  0.996056  -0.0668995  -0.0582827  0.59174
0.00701557  0.714206  -0.6999  -0.620267  0.0884488  0.696731  0.711859  0.533058  0.996056  -0.0668995  -0.0582827  0.59174
0.00511891  0.71432  -0.699801  -0.620314  0.0903152  0.696619  0.711734  0.533082  0.9959  -0.0668459  -0.060948  0.590318
0.00511891  0.71432  -0.699801  -0.620314  0.0903152  0.696619  0.711734  0.533082  0.9959  -0.0668459  -0.060948  0.590318
0.0051167  0.714303  -0.699818  -0.620327  0.0903153  0.696637  0.711716  0.533067  0.9959  -0.0668459  -0.060948  0.590318
0.00323438  0.714429  -0.6997  -0.62036  0.0921689  0.696512  0.7116  0.5331  0.995738  -0.0667922  -0.0635954  0.588904
0.00323438  0.714429  -0.6997  -0.62036  0.0921689  0.696512  0.7116  0.5331  0.995738  -0.0667922  -0.0635954  0.588904
0.0011391  0.714549  -0.699585  -0.62041  0.0942296  0.696396  0.711445  0.533115  0.99555  -0.066732  -0.0665384  0.587332
0.0011391  0.714549  -0.699585  -0.62041  0.0942296  0.696396  0.711445  0.533115  0.99555  -0.066732  -0.0665384  0.587332
0.00112343  0.714525  -0.699609  -0.620432  0.0942418  0.69642  0.71142  0.533097  0.995549  -0.0667316  -0.0665558  0.587318
-0.000882026  0.714659  -0.699473  -0.620462  0.096192  0.69629  0.711286  0.533125  0.995362  -0.0666563  -0.0693586  0.58582
-0.000882026  0.714659  -0.699473  -0.620462  0.096192  0.69629  0.711286  0.533125  0.995362  -0.0666563  -0.0693586  0.58582
-0.00272921  0.714762  -0.699363  -0.62051  0.0980079  0.69619  0.711136  0.533138  0.995182  -0.0666022  -0.0719523  0.584424
-0.00272921  0.714762  -0.699363  -0.62051  0.0980079  0.69619  0.711136  0.533138  0.995182  -0.0666022  -0.0719523  0.584424
-0.00278146  0.714745  -0.699379  -0.62054  0.0980566  0.696206  0.711113  0.533135  0.995177  -0.0666008  -0.0720219  0.584367
-0.0049101  0.714888  -0.699222  -0.620565  0.100152  0.696066  0.710958  0.53316  0.99496  -0.0665378  -0.0750154  0.582767
-0.0049101  0.714888  -0.699222  -0.620565  0.100152  0.696066  0.710958  0.53316  0.99496  -0.0665378  -0.0750154  0.582767
-0.00711716  0.715006  -0.699082  -0.620613  0.102334  0.69595  0.710761  0.533168  0.994725  -0.0664814  -0.0781228  0.581098
-0.00711716  0.715006  -0.699082  -0.620613  0.102334  0.69595  0.710761  0.533168  0.994725  -0.0664814  -0.0781228  0.581098
-0.00714529  0.714985  -0.699104  -0.620638  0.102358  0.695972  0.710736  0.533154  0.994722  -0.0664807  -0.0781576  0.58107
-0.00939678  0.715135  -0.698923  -0.620657  0.104575  0.695824  0.710558  0.533173  0.994473  -0.0664127  -0.0813236  0.579377
-0.00939678  0.715135  -0.698923  -0.620657  0.104575  0.695824  0.710558  0.533173  0.994473  -0.0664127  -0.0813236  0.579377
-0.0115152  0.715253  -0.698771  -0.620689  0.106656  0.695709  0.710362  0.533166  0.994229  -0.0663483  -0.0842974  0.577786
-0.0115152  0.715253  -0.698771  -0.620689  0.106656  0.695709  0.710362  0.533166  0.994229  -0.0663483  -0.0842974  0.577786
-0.011518  0.715235  -0.698789  -0.620703  0.106656  0.695728  0.710343  0.53315  0.994229  -0.0663483  -0.0842974  0.577786
-0.011518  0.715235  -0.698789  -0.620703  0.106656  0.695728  0.710343  0.53315  0.994229  -0.0663483  -0.0842974  0.577786
-0.011518  0.715235  -0.698789  -0.620703  0.106656  0.695728  0.710343  0.53315  0.994229  -0.0663483  -0.0842974  0.577786
-0.0164915  0.715544  -0.698373  -0.62074  0.111547  0.695424  0.709889  0.53315  0.993622  -0.0661944  -0.0912856  0.574045
-0.0164915  0.715544  -0.698373  -0.62074  0.111547  0.695424  0.709889  0.53315  0.993622  -0.0661944  -0.0912856  0.574045
-0.016495  0.715523  -0.698395  -0.620757  0.111547  0.695446  0.709867  0.533131  0.993622  -0.0661944  -0.0912856  0.574045
-0.018806  0.715677  -0.698179  -0.620759  0.113821  0.695295  0.709655  0.533134  0.993323  -0.0661218  -0.0945349  0.572305
-0.018806  0.715677  -0.698179  -0.620759  0.113821  0.695295  0.709655  0.533134  0.993323  -0.0661218  -0.0945349  0.572305
-0.0213925  0.715822  -0.697955  -0.620778  0.116362  0.695153  0.709381  0.533108  0.992977  -0.0660397  -0.0981652  0.57036
-0.0213925  0.715822  -0.697955  -0.620778  0.116362  0.695153  0.709381  0.533108  0.992977  -0.0660397  -0.0981652  0.57036
-0.0214004  0.715774  -0.698004  -0.620815  0.11636  0.695202  0.709334  0.533066  0.992977  -0.0660397  -0.0981652  0.57036
-0.0240189  0.715948  -0.69774  -0.620808  0.118936  0.695031  0.709074  0.533059  0.992611  -0.0659556  -0.101846  0.568388
-0.0240189  0.715948  -0.69774  -0.620808  0.118936  0.695031  0.709074  0.533059  0.992611  -0.0659556  -0.101846  0.568388
-0.0267553  0.716085  -0.6975  -0.62083  0.12162  0.694899  0.708749  0.533007  0.992216  -0.0658669  -0.105682  0.566332
-0.0267553  0.716085  -0.6975  -0.62083  0.12162  0.694899  0.708749  0.533007  0.992216  -0.0658669  -0.105682  0.566332
-0.0267646  0.716031  -0.697555  -0.620871  0.121617  0.694954  0.708695  0.532959  0.992216  -0.0658669  -0.105682  0.566332
-0.0294431  0.716209  -0.697264  -0.620853  0.124252  0.694779  0.708409  0.532942  0.991814  -0.0657789  -0.109447  0.564313
-0.0294431  0.716209  -0.697264  -0.620853  0.124252  0.694779  0.708409  0.532942  0.991814  -0.0657789  -0.109447  0.564313
-0.0321798  0.716335  -0.697014  -0.620871  0.126932  0.694657  0.708053  0.53287  0.991389  -0.0656883  -0.11328  0.562256
-0.0321798  0.716335  -0.697014  -0.620871  0.126932  0.694657  0.708053  0.53287  0.991389  -0.0656883  -0.11328  0.562256
-0.0321877  0.716292  -0.697058  -0.620905  0.12693  0.694702  0.708009  0.532831  0.991389  -0.0656883  -0.11328  0.562256
-0.0348396  0.716467  -0.69675  -0.620876  0.129538  0.69453  0.707707  0.532803  0.990962  -0.0655992  -0.117007  0.560256
-0.0348396  0.716467  -0.69675  -0.620876  0.129538  0.69453  0.707707  0.532803  0.990962  -0.0655992  -0.117007  0.560256
-0.0372142  0.716585  -0.696506  -0.620883  0.131864  0.694416  0.707389  0.532746  0.990569  -0.0655188  -0.120334  0.55846
-0.0372142  0.716585  -0.696506  -0.620883  0.131864  0.694416  0.707389  0.532746  0.990569  -0.0655188  -0.120334  0.55846
-0.0372207  0.716551  -0.696541  -0.620909  0.131862  0.694451  0.707355  0.532715  0.990569  -0.0655188  -0.120334  0.55846
-0.0397967  0.716721  -0.696223  -0.620872  0.134394  0.694283  0.707042  0.532679  0.990128  -0.0654305  -0.123954  0.556516
-0.0397967  0.716721  -0.696223  -0.620872  0.134394  0.694283  0.707042  0.532679  0.990128  -0.0654305  -0.123954  0.556516
-0.0424133  0.71687  -0.695916  -0.620851  0.136961  0.694139  0.706692  0.532618  0.989668  -0.0653401  -0.127624  0.55454
-0.0424133  0.71687  -0.695916  -0.620851  0.136961  0.694139  0.706692  0.532618  0.989668  -0.0653401  -0.127624  0.55454
-0.0424304  0.716846  -0.695939  -0.620873  0.136971  0.694163  0.706666  0.5326  0.989666  -0.0653397  -0.127641  0.554525
-0.044918  0.717011  -0.695614  -0.620827  0.139417  0.694001  0.706346  0.532555  0.989214  -0.0652526  -0.131137  0.552647
-0.044918  0.717011  -0.695614  -0.620827  0.139417  0.694001  0.706346  0.532555  0.989214  -0.0652526  -0.131137  0.552647
-0.0475951  0.717157  -0.695285  -0.620791  0.142055  0.693858  0.705961  0.532478  0.988714  -0.0651683  -0.1349  0.550627
-0.0475951  0.717157  -0.695285  -0.620791  0.142055  0.693858  0.705961  0.532478  0.988714  -0.0651683  -0.1349  0.550627
-0.0476006  0.71713  -0.695312  -0.620812  0.142053  0.693886  0.705934  0.532454  0.988714  -0.0651683  -0.1349  0.550627
-0.0499506  0.717285  -0.694987  -0.620759  0.144363  0.693734  0.705615  0.532402  0.988263  -0.0650845  -0.138202  0.548851
-0.0499506  0.717285  -0.694987  -0.620759  0.144363  0.693734  0.705615  0.532402  0.988263  -0.0650845  -0.138202  0.548851
-0.0524508  0.717433  -0.69465  -0.620712  0.14684  0.693587  0.705248  0.532326  0.987769  -0.0650114  -0.141727  0.546955
-0.0524508  0.717433  -0.69465  -0.620712  0.14684  0.693587  0.705248  0.532326  0.987769  -0.0650114  -0.141727  0.546955
-0.0524549  0.717414  -0.69467  -0.620727  0.146838  0.693607  0.705228  0.532309  0.987769  -0.0650114  -0.141727  0.546955
-0.0550119  0.71758  -0.6943  -0.62066  0.149327  0.693446  0.704865  0.532243  0.987256  -0.0649017  -0.145302  0.545031
-0.0550119  0.71758  -0.6943  -0.62066  0.149327  0.693446  0.704865  0.532243  0.987256  -0.0649017  -0.145302  0.545031
-0.0575239  0.71772  -0.693952  -0.62061  0.151812  0.693308  0.70447  0.53215  0.986734  -0.0648265  -0.14884  0.543126
-0.0575239  0.71772  -0.693952  -0.62061  0.151812  0.693308  0.70447  0.53215  0.986734  -0.0648265  -0.14884  0.543126
-0.0575313  0.717686  -0.693986  -0.620636  0.151809  0.693343  0.704436  0.532119  0.986734  -0.0648265  -0.14884  0.543126
-0.057519  0.717685  -0.693988  -0.620632  0.151797  0.693344  0.704437  0.532116  0.986737  -0.0648269  -0.148823  0.54314
-0.057519  0.717685  -0.693988  -0.620632  0.151797  0.693344  0.704437  0.532116  0.986737  -0.0648269  -0.148823  0.54314
-0.0626599  0.717982  -0.693236  -0.620503  0.156836  0.693054  0.703618  0.531923  0.985635  -0.0646359  -0.156032  0.539257
-0.0626599  0.717982  -0.693236  -0.620503  0.156836  0.693054  0.703618  0.531923  0.985635  -0.0646359  -0.156032  0.539257
-0.0626667  0.717952  -0.693266  -0.620527  0.156834  0.693085  0.703588  0.531896  0.985635  -0.0646359  -0.156032  0.539257
-0.065059  0.718109  -0.692883  -0.620445  0.159184  0.692931  0.703212  0.531816  0.985103  -0.0645456  -0.159393  0.537446
-0.065059  0.718109  -0.692883  -0.620445  0.159184  0.692931  0.703212  0.531816  0.985103  -0.0645456  -0.159393  0.537446
-0.0676303  0.718239  -0.692502  -0.620385  0.161698  0.692805  0.702762  0.531696  0.98452  -0.0644479  -0.162992  0.535501
-0.0676303  0.718239  -0.692502  -0.620385  0.161698  0.692805  0.702762  0.531696  0.98452  -0.0644479  -0.162992  0.535501
-0.0676413  0.718192  -0.69255  -0.620422  0.161693  0.692854  0.702715  0.531654  0.98452  -0.0644479  -0.162992  0.535501
-0.0701659  0.718357  -0.692127  -0.620326  0.164173  0.692692  0.7023  0.53156  0.983933  -0.0643509  -0.166538  0.533589
-0.0701659  0.718357  -0.692127  -0.620326  0.164173  0.692692  0.7023  0.53156  0.983933  -0.0643509  -0.166538  0.533589
-0.0727166  0.718459  -0.691758  -0.620277  0.166656  0.692596  0.70181  0.531406  0.98333  -0.0642525  -0.170099  0.531663
-0.0727166  0.718459  -0.691758  -0.620277  0.166656  0.692596  0.70181  0.531406  0.98333  -0.0642525  -0.170099  0.531663
-0.0727472  0.718383  -0.691833  -0.620339  0.16666  0.692674  0.701732  0.531341  0.983327  -0.064252  -0.170116  0.531649
-0.0751713  0.718542  -0.69141  -0.620237  0.16904  0.692518  0.701316  0.531242  0.982738  -0.0641572  -0.17352  0.529812
-0.0751713  0.718542  -0.69141  -0.620237  0.16904  0.692518  0.701316  0.531242  0.982738  -0.0641572  -0.17352  0.529812
-0.0774624  0.718629  -0.691066  -0.620193  0.171268  0.692437  0.700856  0.531096  0.982175  -0.0640673  -0.176716  0.528077
-0.0774624  0.718629  -0.691066  -0.620193  0.171268  0.692437  0.700856  0.531096  0.982175  -0.0640673  -0.176716  0.528077
-0.0775116  0.71858  -0.691111  -0.620241  0.171298  0.692487  0.700799  0.53106  0.982165  -0.0640659  -0.176767  0.528034
-0.0800935  0.718742  -0.690648  -0.620125  0.173844  0.692328  0.700329  0.530942  0.981511  -0.0639736  -0.1804  0.526076
-0.0800935  0.718742  -0.690648  -0.620125  0.173844  0.692328  0.700329  0.530942  0.981511  -0.0639736  -0.1804  0.526076
-0.0826219  0.718864  -0.690224  -0.620045  0.17631  0.69221  0.699828  0.530794  0.980861  -0.0638725  -0.183935  0.524156
-0.0826219  0.718864  -0.690224  -0.620045  0.17631  0.69221  0.699828  0.530794  0.980861  -0.0638725  -0.183935  0.524156
-0.082655  0.718831  -0.690253  -0.620077  0.17633  0.692244  0.69979  0.53077  0.980855  -0.0638715  -0.183969  0.524128
-0.0851115  0.718985  -0.689795  -0.619957  0.178753  0.692093  0.699324  0.530648  0.980206  -0.0637826  -0.187426  0.522263
-0.0851115  0.718985  -0.689795  -0.619957  0.178753  0.692093  0.699324  0.530648  0.980206  -0.0637826  -0.187426  0.522263
-0.0876625  0.719103  -0.689352  -0.619862  0.181253  0.691979  0.698793  0.530484  0.979522  -0.0636894  -0.191  0.520329
-0.0876625  0.719103  -0.689352  -0.619862  0.181253  0.691979  0.698793  0.530484  0.979522  -0.0636894  -0.191  0.520329
-0.0876746  0.719057  -0.689399  -0.619898  0.181247  0.692027  0.698748  0.530443  0.979522  -0.0636894  -0.191  0.520329
-0.0899678  0.719208  -0.688945  -0.619774  0.183522  0.691877  0.698303  0.530322  0.97889  -0.0636115  -0.194237  0.518579
-0.0899678  0.719208  -0.688945  -0.619774  0.183522  0.691877  0.698303  0.530322  0.97889  -0.0636115  -0.194237  0.518579
-0.0925924  0.71932  -0.688481  -0.619674  0.186073  0.691771  0.697732  0.530128  0.978163  -0.0635032  -0.197899  0.516598
-0.0925924  0.71932  -0.688481  -0.619674  0.186073  0.691771  0.697732  0.530128  0.978163  -0.0635032  -0.197899  0.516598
-0.0926122  0.719246  -0.688555  -0.61973  0.186063  0.691847  0.697659  0.530062  0.978163  -0.0635032  -0.197899  0.516598
-0.095355  0.719417  -0.688001  -0.619574  0.188766  0.691678  0.6971  0.529905  0.977382  -0.063399  -0.201756  0.514514
-0.095355  0.719417  -0.688001  -0.619574  0.188766  0.691678  0.6971  0.529905  0.977382  -0.063399  -0.201756  0.514514
-0.0982648  0.719468  -0.687539  -0.6195  0.191593  0.691635  0.696371  0.529622  0.976543  -0.0632988  -0.205808  0.512326
-0.0982648  0.719468  -0.687539  -0.6195  0.191593  0.691635  0.696371  0.529622  0.976543  -0.0632988  -0.205808  0.512326
-0.0983223  0.71926  -0.687748  -0.619659  0.191563  0.691851  0.696165  0.529436  0.976543  -0.0632988  -0.205808  0.512326
-0.100809  0.719402  -0.687239  -0.619509  0.194037  0.69171  0.69562  0.529279  0.975801  -0.063225  -0.209321  0.510433
-0.100809  0.719402  -0.687239  -0.619509  0.194037  0.69171  0.69562  0.529279  0.975801  -0.063225  -0.209321  0.510433
-0.103757  0.719347  -0.686859  -0.619494  0.196897  0.691774  0.694752  0.528898  0.974919  -0.0631548  -0.213414  0.508231
-0.103757  0.719347  -0.686859  -0.619494  0.196897  0.691774  0.694752  0.528898  0.974919  -0.0631548  -0.213414  0.508231
-0.103832  0.719083  -0.687123  -0.619695  0.196857  0.692048  0.69449  0.528662  0.974919  -0.0631548  -0.213414  0.508231
-0.106658  0.719241  -0.686525  -0.619514  0.199671  0.691891  0.693843  0.52847  0.974041  -0.0630757  -0.217407  0.506079
-0.106658  0.719241  -0.686525  -0.619514  0.199671  0.691891  0.693843  0.52847  0.974041  -0.0630757  -0.217407  0.506079
-0.109654  0.719019  -0.686285  -0.619618  0.202467  0.692131  0.692793  0.52792  0.973131  -0.0629824  -0.221473  0.503884
-0.109654  0.719019  -0.686285  -0.619618  0.202467  0.692131  0.692793  0.52792  0.973131  -0.0629824  -0.221473  0.503884
-0.109781  0.718586  -0.686718  -0.619948  0.202398  0.69258  0.692364  0.527533  0.973131  -0.0629824  -0.221473  0.503884
-0.112627  0.718752  -0.686084  -0.619751  0.205214  0.692417  0.691698  0.52733  0.972215  -0.0628899  -0.225483  0.501718
-0.112627  0.718752  -0.686084  -0.619751  0.205214  0.692417  0.691698  0.52733  0.972215  -0.0628899  -0.225483  0.501718
-0.115431  0.718345  -0.686044  -0.619985  0.207762  0.692844  0.690509  0.526645  0.971345  -0.0628274  -0.229221  0.4997
-0.115431  0.718345  -0.686044  -0.619985  0.207762  0.692844  0.690509  0.526645  0.971345  -0.0628274  -0.229221  0.4997
-0.115685  0.717704  -0.686671  -0.620488  0.207713  0.693508  0.689856  0.526081  0.971325  -0.0628247  -0.229306  0.499629
-0.11855  0.71784  -0.686041  -0.620285  0.210599  0.693371  0.689119  0.525854  0.970358  -0.0627845  -0.233375  0.497444
-0.11855  0.71784  -0.686041  -0.620285  0.210599  0.693371  0.689119  0.525854  0.970358  -0.0627845  -0.233375  0.497444
-0.121688  0.71732  -0.686035  -0.620588  0.213436  0.693914  0.687698  0.525041  0.969349  -0.0627404  -0.237543  0.495181
-0.121688  0.71732  -0.686035  -0.620588  0.213436  0.693914  0.687698  0.525041  0.969349  -0.0627404  -0.237543  0.495181
-0.121915  0.716619  -0.686727  -0.621121  0.213325  0.694637  0.687002  0.524417  0.969345  -0.0627399  -0.23756  0.495166
-0.124538  0.716733  -0.686137  -0.620925  0.215977  0.694521  0.68629  0.524194  0.968424  -0.0627206  -0.241292  0.493166
-0.124538  0.716733  -0.686137  -0.620925  0.215977  0.694521  0.68629  0.524194  0.968424  -0.0627206  -0.241292  0.493166
-0.127812  0.716105  -0.686191  -0.621263  0.218914  0.69517  0.6847  0.52325  0.967337  -0.0627041  -0.245617  0.490849
-0.127812  0.716105  -0.686191  -0.621263  0.218914  0.69517  0.6847  0.52325  0.967337  -0.0627041  -0.245617  0.490849
-0.128034  0.7154  -0.686885  -0.621793  0.218785  0.695896  0.684004  0.52262  0.967337  -0.0627041  -0.245617  0.490849
-0.131169  0.715536  -0.686151  -0.621544  0.221945  0.695758  0.683126  0.522339  0.966196  -0.0626827  -0.250071  0.48846
