-0.647394,-0.759194,-0.0671196,-0.285515,0.753759,-0.65081,0.0910657,0.233121,-0.112819,0.00836342,0.99358,0.264947
-0.647394,-0.759194,-0.0671196,-0.285515,0.753759,-0.65081,0.0910657,0.233121,-0.112819,0.00836342,0.99358,0.264947
-0.647394,-0.759194,-0.0671196,-0.285515,0.753759,-0.65081,0.0910657,0.233121,-0.112819,0.00836342,0.99358,0.264947
-0.647394,-0.759194,-0.0671196,-0.285515,0.753759,-0.65081,0.0910657,0.233121,-0.112819,0.00836342,0.99358,0.264947
-0.647394,-0.759194,-0.0671196,-0.285515,0.753759,-0.65081,0.0910657,0.233121,-0.112819,0.00836342,0.99358,0.264947
-0.647394,-0.759194,-0.0671196,-0.285515,0.753759,-0.65081,0.0910657,0.233121,-0.112819,0.00836342,0.99358,0.264947
-0.647394,-0.759194,-0.0671196,-0.285515,0.753759,-0.65081,0.0910657,0.233121,-0.112819,0.00836342,0.99358,0.264947
-0.647394,-0.759194,-0.0671196,-0.285515,0.753759,-0.65081,0.0910657,0.233121,-0.112819,0.00836342,0.99358,0.264947
-0.647394,-0.759194,-0.0671196,-0.285515,0.753759,-0.65081,0.0910657,0.233121,-0.112819,0.00836342,0.99358,0.264947
-0.647394,-0.759194,-0.0671196,-0.285515,0.753759,-0.65081,0.0910657,0.233121,-0.112819,0.00836342,0.99358,0.264947
-0.647394,-0.759194,-0.0671196,-0.285515,0.753759,-0.65081,0.0910657,0.233121,-0.112819,0.00836342,0.99358,0.264947
-0.647394,-0.759194,-0.0671196,-0.285515,0.753759,-0.65081,0.0910657,0.233121,-0.112819,0.00836342,0.99358,0.264947
-0.647394,-0.759194,-0.0671196,-0.285515,0.753759,-0.65081,0.0910657,0.233121,-0.112819,0.00836342,0.99358,0.264947
-0.647394,-0.759194,-0.0671196,-0.285515,0.753759,-0.65081,0.0910657,0.233121,-0.112819,0.00836342,0.99358,0.264947
-0.647394,-0.759194,-0.0671196,-0.285515,0.753759,-0.65081,0.0910657,0.233121,-0.112819,0.00836342,0.99358,0.264947
-0.647394,-0.759194,-0.0671196,-0.285515,0.753759,-0.65081,0.0910657,0.233121,-0.112819,0.00836342,0.99358,0.264947
-0.647394,-0.759194,-0.0671196,-0.285515,0.753759,-0.65081,0.0910657,0.233121,-0.112819,0.00836342,0.99358,0.264947
-0.647394,-0.759194,-0.0671196,-0.285515,0.753759,-0.65081,0.0910657,0.233121,-0.112819,0.00836342,0.99358,0.264947
-0.647394,-0.759194,-0.0671196,-0.285515,0.753759,-0.65081,0.0910657,0.233121,-0.112819,0.00836342,0.99358,0.264947
-0.647394,-0.759194,-0.0671196,-0.285515,0.753759,-0.65081,0.0910657,0.233121,-0.112819,0.00836342,0.99358,0.264947
-0.647394,-0.759194,-0.0671196,-0.285515,0.753759,-0.65081,0.0910657,0.233121,-0.112819,0.00836342,0.99358,0.264947
-0.647394,-0.759194,-0.0671196,-0.285515,0.753759,-0.65081,0.0910657,0.233121,-0.112819,0.00836342,0.99358,0.264947
-0.647394,-0.759194,-0.0671196,-0.285515,0.753759,-0.65081,0.0910657,0.233121,-0.112819,0.00836342,0.99358,0.264947
-0.647394,-0.759194,-0.0671196,-0.285515,0.753759,-0.65081,0.0910657,0.233121,-0.112819,0.00836342,0.99358,0.264947
-0.647394,-0.759194,-0.0671196,-0.285515,0.753759,-0.65081,0.0910657,0.233121,-0.112819,0.00836342,0.99358,0.264947
-0.647394,-0.759194,-0.0671196,-0.285515,0.753759,-0.65081,0.0910657,0.233121,-0.112819,0.00836342,0.99358,0.264947
-0.647394,-0.759194,-0.0671196,-0.285515,0.753759,-0.65081,0.0910657,0.233121,-0.112819,0.00836342,0.99358,0.264947
-0.647394,-0.759194,-0.0671196,-0.285515,0.753759,-0.65081,0.0910657,0.233121,-0.112819,0.00836342,0.99358,0.264947
-0.647394,-0.759194,-0.0671196,-0.285515,0.753759,-0.65081,0.0910657,0.233121,-0.112819,0.00836342,0.99358,0.264947
-0.647394,-0.759194,-0.0671196,-0.285515,0.753759,-0.65081,0.0910657,0.233121,-0.112819,0.00836342,0.99358,0.264947
-0.647393,-0.759196,-0.0671194,-0.285515,0.75376,-0.650809,0.0910659,0.233122,-0.112819,0.00836342,0.99358,0.264947
-0.647393,-0.759196,-0.0671194,-0.285515,0.75376,-0.650809,0.0910659,0.233122,-0.112819,0.00836342,0.99358,0.264947
-0.647393,-0.759196,-0.0671194,-0.285515,0.75376,-0.650809,0.0910659,0.233122,-0.112819,0.00836342,0.99358,0.264947
-0.647393,-0.759196,-0.0671194,-0.285515,0.75376,-0.650809,0.0910659,0.233122,-0.112819,0.00836342,0.99358,0.264947
-0.647393,-0.759196,-0.0671194,-0.285515,0.75376,-0.650809,0.0910659,0.233122,-0.112819,0.00836342,0.99358,0.264947
-0.647393,-0.759196,-0.0671194,-0.285515,0.75376,-0.650809,0.0910659,0.233122,-0.112819,0.00836342,0.99358,0.264947
-0.647393,-0.759196,-0.0671194,-0.285515,0.75376,-0.650809,0.0910659,0.233122,-0.112819,0.00836342,0.99358,0.264947
-0.647393,-0.759196,-0.0671194,-0.285515,0.75376,-0.650809,0.0910659,0.233122,-0.112819,0.00836342,0.99358,0.264947
-0.647393,-0.759196,-0.0671194,-0.285515,0.75376,-0.650809,0.0910659,0.233122,-0.112819,0.00836342,0.99358,0.264947
-0.647393,-0.759196,-0.0671194,-0.285515,0.75376,-0.650809,0.0910659,0.233122,-0.112819,0.00836342,0.99358,0.264947
-0.647393,-0.759196,-0.0671194,-0.285515,0.75376,-0.650809,0.0910659,0.233122,-0.112819,0.00836342,0.99358,0.264947
-0.647393,-0.759196,-0.0671194,-0.285515,0.75376,-0.650809,0.0910659,0.233122,-0.112819,0.00836342,0.99358,0.264947
-0.647393,-0.759196,-0.0671194,-0.285515,0.75376,-0.650809,0.0910659,0.233122,-0.112819,0.00836342,0.99358,0.264947
-0.647393,-0.759196,-0.0671194,-0.285515,0.75376,-0.650809,0.0910659,0.233122,-0.112819,0.00836342,0.99358,0.264947
-0.647393,-0.759196,-0.0671194,-0.285515,0.75376,-0.650809,0.0910659,0.233122,-0.112819,0.00836342,0.99358,0.264947
-0.647393,-0.759196,-0.0671194,-0.285515,0.75376,-0.650809,0.0910659,0.233122,-0.112819,0.00836342,0.99358,0.264947
-0.647393,-0.759196,-0.0671194,-0.285515,0.75376,-0.650809,0.0910659,0.233122,-0.112819,0.00836342,0.99358,0.264947
-0.647393,-0.759196,-0.0671194,-0.285515,0.75376,-0.650809,0.0910659,0.233122,-0.112819,0.00836342,0.99358,0.264947
-0.647393,-0.759196,-0.0671194,-0.285515,0.75376,-0.650809,0.0910659,0.233122,-0.112819,0.00836342,0.99358,0.264947
-0.647393,-0.759196,-0.0671194,-0.285515,0.75376,-0.650809,0.0910659,0.233122,-0.112819,0.00836342,0.99358,0.264947
-0.647393,-0.759196,-0.0671194,-0.285515,0.75376,-0.650809,0.0910659,0.233122,-0.112819,0.00836342,0.99358,0.264947
-0.647393,-0.759196,-0.0671194,-0.285515,0.75376,-0.650809,0.0910659,0.233122,-0.112819,0.00836342,0.99358,0.264947
-0.647393,-0.759196,-0.0671194,-0.285515,0.75376,-0.650809,0.0910659,0.233122,-0.112819,0.00836342,0.99358,0.264947
-0.647393,-0.759196,-0.0671194,-0.285515,0.75376,-0.650809,0.0910659,0.233122,-0.112819,0.00836342,0.99358,0.264947
-0.647393,-0.759196,-0.0671194,-0.285515,0.75376,-0.650809,0.0910659,0.233122,-0.112819,0.00836342,0.99358,0.264947
-0.64739,-0.759198,-0.0671191,-0.285514,0.753763,-0.650806,0.0910661,0.233123,-0.112819,0.00836342,0.99358,0.264947
-0.64739,-0.759198,-0.0671191,-0.285514,0.753763,-0.650806,0.0910661,0.233123,-0.112819,0.00836342,0.99358,0.264947
-0.64739,-0.759198,-0.0671191,-0.285514,0.753763,-0.650806,0.0910661,0.233123,-0.112819,0.00836342,0.99358,0.264947
-0.64739,-0.759198,-0.0671191,-0.285514,0.753763,-0.650806,0.0910661,0.233123,-0.112819,0.00836342,0.99358,0.264947
-0.64739,-0.759198,-0.0671191,-0.285514,0.753763,-0.650806,0.0910661,0.233123,-0.112819,0.00836342,0.99358,0.264947
-0.64739,-0.759198,-0.0671191,-0.285514,0.753763,-0.650806,0.0910661,0.233123,-0.112819,0.00836342,0.99358,0.264947
-0.64739,-0.759198,-0.0671191,-0.285514,0.753763,-0.650806,0.0910661,0.233123,-0.112819,0.00836342,0.99358,0.264947
-0.64739,-0.759198,-0.0671191,-0.285514,0.753763,-0.650806,0.0910661,0.233123,-0.112819,0.00836342,0.99358,0.264947
-0.64739,-0.759198,-0.0671191,-0.285514,0.753763,-0.650806,0.0910661,0.233123,-0.112819,0.00836342,0.99358,0.264947
-0.64739,-0.759198,-0.0671191,-0.285514,0.753763,-0.650806,0.0910661,0.233123,-0.112819,0.00836342,0.99358,0.264947
-0.64739,-0.759198,-0.0671191,-0.285514,0.753763,-0.650806,0.0910661,0.233123,-0.112819,0.00836342,0.99358,0.264947
-0.64739,-0.759198,-0.0671191,-0.285514,0.753763,-0.650806,0.0910661,0.233123,-0.112819,0.00836342,0.99358,0.264947
-0.647389,-0.759199,-0.0671189,-0.285514,0.753764,-0.650805,0.0910662,0.233123,-0.112819,0.00836342,0.99358,0.264947
-0.647389,-0.759199,-0.0671189,-0.285514,0.753764,-0.650805,0.0910662,0.233123,-0.112819,0.00836342,0.99358,0.264947
-0.647389,-0.759199,-0.0671189,-0.285514,0.753764,-0.650805,0.0910662,0.233123,-0.112819,0.00836342,0.99358,0.264947
-0.647389,-0.759199,-0.0671189,-0.285514,0.753764,-0.650805,0.0910662,0.233123,-0.112819,0.00836342,0.99358,0.264947
-0.647389,-0.759199,-0.0671189,-0.285514,0.753764,-0.650805,0.0910662,0.233123,-0.112819,0.00836342,0.99358,0.264947
-0.647389,-0.759199,-0.0671189,-0.285514,0.753764,-0.650805,0.0910662,0.233123,-0.112819,0.00836342,0.99358,0.264947
-0.647389,-0.759199,-0.0671189,-0.285514,0.753764,-0.650805,0.0910662,0.233123,-0.112819,0.00836342,0.99358,0.264947
-0.647389,-0.759199,-0.0671189,-0.285514,0.753764,-0.650805,0.0910662,0.233123,-0.112819,0.00836342,0.99358,0.264947
-0.647387,-0.7592,-0.0671188,-0.285513,0.753765,-0.650804,0.0910663,0.233124,-0.112819,0.00836342,0.99358,0.264947
-0.647387,-0.7592,-0.0671188,-0.285513,0.753765,-0.650804,0.0910663,0.233124,-0.112819,0.00836342,0.99358,0.264947
-0.647387,-0.7592,-0.0671188,-0.285513,0.753765,-0.650804,0.0910663,0.233124,-0.112819,0.00836342,0.99358,0.264947
-0.647387,-0.7592,-0.0671188,-0.285513,0.753765,-0.650804,0.0910663,0.233124,-0.112819,0.00836342,0.99358,0.264947
-0.647387,-0.7592,-0.0671188,-0.285513,0.753765,-0.650804,0.0910663,0.233124,-0.112819,0.00836342,0.99358,0.264947
-0.647386,-0.759201,-0.0671186,-0.285513,0.753766,-0.650802,0.0910665,0.233124,-0.112819,0.00836342,0.99358,0.264947
-0.647386,-0.759201,-0.0671186,-0.285513,0.753766,-0.650802,0.0910665,0.233124,-0.112819,0.00836342,0.99358,0.264947
-0.647386,-0.759201,-0.0671186,-0.285513,0.753766,-0.650802,0.0910665,0.233124,-0.112819,0.00836342,0.99358,0.264947
-0.647386,-0.759201,-0.0671186,-0.285513,0.753766,-0.650802,0.0910665,0.233124,-0.112819,0.00836342,0.99358,0.264947
-0.647386,-0.759201,-0.0671186,-0.285513,0.753766,-0.650802,0.0910665,0.233124,-0.112819,0.00836342,0.99358,0.264947
-0.647385,-0.759202,-0.0671184,-0.285513,0.753767,-0.650801,0.0910666,0.233125,-0.112819,0.00836342,0.99358,0.264947
-0.647385,-0.759202,-0.0671184,-0.285513,0.753767,-0.650801,0.0910666,0.233125,-0.112819,0.00836342,0.99358,0.264947
-0.647383,-0.759203,-0.0671183,-0.285512,0.753768,-0.6508,0.0910667,0.233125,-0.112819,0.00836342,0.99358,0.264947
-0.647383,-0.759203,-0.0671183,-0.285512,0.753768,-0.6508,0.0910667,0.233125,-0.112819,0.00836342,0.99358,0.264947
-0.647383,-0.759203,-0.0671183,-0.285512,0.753768,-0.6508,0.0910667,0.233125,-0.112819,0.00836342,0.99358,0.264947
-0.647382,-0.759205,-0.0671181,-0.285512,0.753769,-0.650798,0.0910668,0.233126,-0.112819,0.00836342,0.99358,0.264947
-0.647382,-0.759205,-0.0671181,-0.285512,0.753769,-0.650798,0.0910668,0.233126,-0.112819,0.00836342,0.99358,0.264947
-0.647379,-0.759207,-0.0671178,-0.285511,0.753772,-0.650796,0.091067,0.233127,-0.112819,0.00836342,0.99358,0.264947
-0.647378,-0.759207,-0.06713,-0.285514,0.75377,-0.650796,0.0910794,0.23313,-0.112836,0.00836221,0.993578,0.264945
-0.647378,-0.759207,-0.06713,-0.285514,0.75377,-0.650796,0.0910794,0.23313,-0.112836,0.00836221,0.993578,0.264945
-0.647372,-0.759212,-0.0671308,-0.285514,0.753777,-0.65079,0.0910644,0.23313,-0.112825,0.0083509,0.99358,0.264945
-0.647372,-0.759212,-0.0671308,-0.285514,0.753777,-0.65079,0.0910644,0.23313,-0.112825,0.0083509,0.99358,0.264945
-0.647372,-0.759213,-0.0671184,-0.285514,0.75378,-0.650789,0.0910521,0.233131,-0.112808,0.00835211,0.993582,0.264952
-0.647372,-0.759213,-0.0671184,-0.285514,0.75378,-0.650789,0.0910521,0.233131,-0.112808,0.00835211,0.993582,0.264952
-0.647372,-0.759213,-0.0671184,-0.285514,0.75378,-0.650789,0.0910521,0.233131,-0.112808,0.00835211,0.993582,0.264952
-0.647371,-0.759214,-0.0671183,-0.285514,0.753781,-0.650787,0.0910522,0.233131,-0.112808,0.00835211,0.993582,0.264952
-0.647371,-0.759214,-0.0671183,-0.285514,0.753781,-0.650787,0.0910522,0.233131,-0.112808,0.00835211,0.993582,0.264952
-0.647371,-0.759214,-0.0671183,-0.285514,0.753781,-0.650787,0.0910522,0.233131,-0.112808,0.00835211,0.993582,0.264952
-0.64737,-0.759214,-0.0671304,-0.285517,0.753779,-0.650787,0.0910646,0.233135,-0.112825,0.0083509,0.99358,0.26495
-0.64737,-0.759214,-0.0671304,-0.285517,0.753779,-0.650787,0.0910646,0.233135,-0.112825,0.0083509,0.99358,0.26495
-0.64737,-0.759214,-0.0671304,-0.285517,0.753779,-0.650787,0.0910646,0.233135,-0.112825,0.0083509,0.99358,0.26495
-0.64737,-0.759214,-0.0671304,-0.285517,0.753779,-0.650787,0.0910646,0.233135,-0.112825,0.0083509,0.99358,0.26495
-0.647368,-0.759215,-0.0671303,-0.285517,0.75378,-0.650786,0.0910647,0.233135,-0.112825,0.0083509,0.99358,0.26495
-0.647367,-0.759215,-0.0671425,-0.28552,0.753779,-0.650786,0.0910771,0.233139,-0.112842,0.00834969,0.993578,0.264949
-0.647367,-0.759215,-0.0671425,-0.28552,0.753779,-0.650786,0.0910771,0.233139,-0.112842,0.00834969,0.993578,0.264949
-0.647365,-0.759216,-0.0671546,-0.285524,0.753778,-0.650786,0.0910894,0.233143,-0.11286,0.00834848,0.993576,0.264947
-0.647365,-0.759216,-0.0671546,-0.285524,0.753778,-0.650786,0.0910894,0.233143,-0.11286,0.00834848,0.993576,0.264947
-0.647365,-0.759216,-0.0671546,-0.285524,0.753778,-0.650786,0.0910894,0.233143,-0.11286,0.00834848,0.993576,0.264947
-0.647349,-0.759227,-0.067179,-0.285531,0.753786,-0.650772,0.0911141,0.23315,-0.112895,0.00834409,0.993572,0.264944
-0.647349,-0.759227,-0.067179,-0.285531,0.753786,-0.650772,0.0911141,0.23315,-0.112895,0.00834409,0.993572,0.264944
-0.64736,-0.759217,-0.067191,-0.285538,0.753775,-0.650784,0.0911266,0.233157,-0.112912,0.00834485,0.99357,0.264948
-0.64736,-0.759217,-0.067191,-0.285538,0.753775,-0.650784,0.0911266,0.233157,-0.112912,0.00834485,0.99357,0.264948
-0.647357,-0.759219,-0.0671907,-0.285537,0.753777,-0.650781,0.0911268,0.233158,-0.112912,0.00834485,0.99357,0.264948
-0.647355,-0.759219,-0.067215,-0.285544,0.753774,-0.650781,0.0911515,0.233165,-0.112946,0.00834243,0.993566,0.264945
-0.647355,-0.759219,-0.067215,-0.285544,0.753774,-0.650781,0.0911515,0.233165,-0.112946,0.00834243,0.993566,0.264945
-0.647335,-0.759234,-0.0672389,-0.285553,0.753786,-0.650764,0.0911766,0.233178,-0.112981,0.00833804,0.993562,0.264947
-0.647335,-0.759234,-0.0672389,-0.285553,0.753786,-0.650764,0.0911766,0.233178,-0.112981,0.00833804,0.993562,0.264947
-0.647331,-0.759238,-0.0672384,-0.285552,0.753789,-0.65076,0.0911769,0.233179,-0.112981,0.00833804,0.993562,0.264947
-0.647327,-0.759238,-0.0672749,-0.285562,0.753785,-0.65076,0.091214,0.23319,-0.113033,0.00833441,0.993556,0.264943
-0.647327,-0.759238,-0.0672749,-0.285562,0.753785,-0.65076,0.091214,0.23319,-0.113033,0.00833441,0.993556,0.264943
-0.64732,-0.759241,-0.0673111,-0.285572,0.753783,-0.650757,0.0912513,0.233202,-0.113085,0.00833079,0.99355,0.264938
-0.64732,-0.759241,-0.0673111,-0.285572,0.753783,-0.650757,0.0912513,0.233202,-0.113085,0.00833079,0.99355,0.264938
-0.647316,-0.759244,-0.0673106,-0.285571,0.753787,-0.650753,0.0912516,0.233203,-0.113085,0.00833079,0.99355,0.264938
-0.647309,-0.759245,-0.0673715,-0.285588,0.753779,-0.650752,0.0913134,0.233221,-0.113171,0.00832474,0.993541,0.264931
-0.647309,-0.759245,-0.0673715,-0.285588,0.753779,-0.650752,0.0913134,0.233221,-0.113171,0.00832474,0.993541,0.264931
-0.647297,-0.759248,-0.0674563,-0.285612,0.753772,-0.650749,0.0914001,0.233247,-0.113292,0.00831627,0.993527,0.264921
-0.647297,-0.759248,-0.0674563,-0.285612,0.753772,-0.650749,0.0914001,0.233247,-0.113292,0.00831627,0.993527,0.264921
-0.647294,-0.75925,-0.067456,-0.285611,0.753774,-0.650746,0.0914003,0.233248,-0.113292,0.00831627,0.993527,0.264921
-0.647277,-0.759251,-0.0676021,-0.285653,0.753757,-0.650745,0.0915486,0.23329,-0.1135,0.00830175,0.993503,0.264903
-0.647277,-0.759251,-0.0676021,-0.285653,0.753757,-0.650745,0.0915486,0.23329,-0.1135,0.00830175,0.993503,0.264903
-0.647254,-0.759256,-0.067772,-0.285701,0.753741,-0.650739,0.0917218,0.233342,-0.113742,0.00828482,0.993476,0.264883
-0.647254,-0.759256,-0.067772,-0.285701,0.753741,-0.650739,0.0917218,0.233342,-0.113742,0.00828482,0.993476,0.264883
-0.647252,-0.759257,-0.0677718,-0.285701,0.753742,-0.650738,0.091722,0.233342,-0.113742,0.00828482,0.993476,0.264883
-0.64723,-0.759259,-0.0679665,-0.285757,0.753719,-0.650737,0.0919196,0.233399,-0.114019,0.00826546,0.993444,0.264859
-0.64723,-0.759259,-0.0679665,-0.285757,0.753719,-0.650737,0.0919196,0.233399,-0.114019,0.00826546,0.993444,0.264859
-0.647205,-0.759263,-0.0681609,-0.285816,0.753699,-0.650732,0.0921174,0.233461,-0.114296,0.00824611,0.993413,0.264841
-0.647205,-0.759263,-0.0681609,-0.285816,0.753699,-0.650732,0.0921174,0.233461,-0.114296,0.00824611,0.993413,0.264841
-0.6472,-0.759267,-0.0681602,-0.285814,0.753703,-0.650727,0.0921179,0.233463,-0.114296,0.00824611,0.993413,0.264841
-0.647172,-0.759269,-0.0684036,-0.285884,0.753675,-0.650725,0.0923649,0.233534,-0.114642,0.00822191,0.993373,0.264812
-0.647172,-0.759269,-0.0684036,-0.285884,0.753675,-0.650725,0.0923649,0.233534,-0.114642,0.00822191,0.993373,0.264812
-0.647137,-0.759275,-0.0686708,-0.28596,0.753647,-0.650719,0.092637,0.233613,-0.115022,0.00819529,0.993329,0.26478
-0.647137,-0.759275,-0.0686708,-0.28596,0.753647,-0.650719,0.092637,0.233613,-0.115022,0.00819529,0.993329,0.26478
-0.647133,-0.75928,-0.0686457,-0.285958,0.753655,-0.650712,0.0926129,0.233616,-0.114988,0.00819771,0.993333,0.264792
-0.647106,-0.759282,-0.0688768,-0.286025,0.753628,-0.65071,0.0928475,0.233684,-0.115316,0.00817473,0.993295,0.264764
-0.647106,-0.759282,-0.0688768,-0.286025,0.753628,-0.65071,0.0928475,0.233684,-0.115316,0.00817473,0.993295,0.264764
-0.647066,-0.759288,-0.0691927,-0.286125,0.753594,-0.650704,0.093169,0.233789,-0.115766,0.00814327,0.993243,0.264741
-0.647066,-0.759288,-0.0691927,-0.286125,0.753594,-0.650704,0.093169,0.233789,-0.115766,0.00814327,0.993243,0.264741
-0.647061,-0.759295,-0.0691674,-0.286123,0.753604,-0.650696,0.093145,0.233792,-0.115731,0.00814569,0.993247,0.264754
-0.647018,-0.759298,-0.0695323,-0.286228,0.753561,-0.650693,0.0935155,0.233898,-0.11625,0.00810939,0.993187,0.26471
-0.647018,-0.759298,-0.0695323,-0.286228,0.753561,-0.650693,0.0935155,0.233898,-0.11625,0.00810939,0.993187,0.26471
-0.646957,-0.759306,-0.0700061,-0.28637,0.753509,-0.650684,0.0939976,0.234046,-0.116925,0.00806219,0.993108,0.264662
-0.646957,-0.759306,-0.0700061,-0.28637,0.753509,-0.650684,0.0939976,0.234046,-0.116925,0.00806219,0.993108,0.264662
-0.646952,-0.759313,-0.0699808,-0.286368,0.753518,-0.650676,0.0939736,0.23405,-0.11689,0.00806461,0.993112,0.264675
-0.646884,-0.759317,-0.0705525,-0.286532,0.75345,-0.650671,0.0945539,0.234217,-0.117703,0.00800773,0.993017,0.264606
-0.646884,-0.759317,-0.0705525,-0.286532,0.75345,-0.650671,0.0945539,0.234217,-0.117703,0.00800773,0.993017,0.264606
-0.6468,-0.759332,-0.0711729,-0.286713,0.753386,-0.650655,0.095169,0.234403,-0.118574,0.00793465,0.992914,0.264535
-0.6468,-0.759332,-0.0711729,-0.286713,0.753386,-0.650655,0.095169,0.234403,-0.118574,0.00793465,0.992914,0.264535
-0.646796,-0.759336,-0.07116,-0.286711,0.753392,-0.65065,0.0951572,0.234405,-0.118557,0.00793586,0.992916,0.264541
-0.646696,-0.759353,-0.0718775,-0.286918,0.753316,-0.650631,0.0958855,0.234615,-0.119577,0.00786235,0.992794,0.264454
-0.646696,-0.759353,-0.0718775,-0.286918,0.753316,-0.650631,0.0958855,0.234615,-0.119577,0.00786235,0.992794,0.264454
-0.646613,-0.75935,-0.0726554,-0.287144,0.753211,-0.650635,0.0966758,0.234847,-0.120683,0.00778695,0.992661,0.264363
-0.646613,-0.75935,-0.0726554,-0.287144,0.753211,-0.650635,0.0966758,0.234847,-0.120683,0.00778695,0.992661,0.264363
-0.646608,-0.759355,-0.0726547,-0.287142,0.753216,-0.65063,0.0966763,0.234849,-0.120683,0.00778695,0.992661,0.264363
-0.646501,-0.759362,-0.07353,-0.287394,0.753107,-0.650623,0.0975649,0.235104,-0.121927,0.00769977,0.992509,0.264256
-0.646501,-0.759362,-0.07353,-0.287394,0.753107,-0.650623,0.0975649,0.235104,-0.121927,0.00769977,0.992509,0.264256
-0.64638,-0.759377,-0.0744283,-0.287653,0.753002,-0.650607,0.0984789,0.235374,-0.123206,0.00761015,0.992352,0.264149
-0.64638,-0.759377,-0.0744283,-0.287653,0.753002,-0.650607,0.0984789,0.235374,-0.123206,0.00761015,0.992352,0.264149
-0.64637,-0.759385,-0.0744393,-0.28765,0.753009,-0.650597,0.0984922,0.235377,-0.123223,0.00760894,0.99235,0.264143
-0.646219,-0.759394,-0.0756424,-0.287996,0.752856,-0.650588,0.0997136,0.235728,-0.124934,0.00748902,0.992137,0.263993
-0.646219,-0.759394,-0.0756424,-0.287996,0.752856,-0.650588,0.0997136,0.235728,-0.124934,0.00748902,0.992137,0.263993
-0.646032,-0.759415,-0.0770136,-0.288386,0.75269,-0.650565,0.101109,0.236133,-0.126886,0.00735212,0.99189,0.263821
-0.646032,-0.759415,-0.0770136,-0.288386,0.75269,-0.650565,0.101109,0.236133,-0.126886,0.00735212,0.99189,0.263821
-0.646015,-0.75943,-0.0770113,-0.288381,0.752705,-0.650547,0.101111,0.23614,-0.126886,0.00735212,0.99189,0.263821
-0.645816,-0.759441,-0.0785539,-0.288823,0.752503,-0.650536,0.102677,0.236589,-0.129079,0.00719822,0.991608,0.263627
-0.645816,-0.759441,-0.0785539,-0.288823,0.752503,-0.650536,0.102677,0.236589,-0.129079,0.00719822,0.991608,0.263627
-0.645575,-0.75947,-0.0802407,-0.289304,0.752296,-0.650505,0.104377,0.237086,-0.131468,0.0070183,0.991296,0.263412
-0.645575,-0.75947,-0.0802407,-0.289304,0.752296,-0.650505,0.104377,0.237086,-0.131468,0.0070183,0.991296,0.263412
-0.645558,-0.759485,-0.0802383,-0.289298,0.752311,-0.650488,0.104379,0.237093,-0.131468,0.0070183,0.991296,0.263412
-0.645345,-0.759496,-0.0818284,-0.289754,0.752095,-0.650476,0.105993,0.237556,-0.133729,0.00685946,0.990994,0.263209
-0.645345,-0.759496,-0.0818284,-0.289754,0.752095,-0.650476,0.105993,0.237556,-0.133729,0.00685946,0.990994,0.263209
-0.645078,-0.759521,-0.0836829,-0.290282,0.75185,-0.650449,0.10788,0.238102,-0.136368,0.0066739,0.990636,0.262969
-0.645078,-0.759521,-0.0836829,-0.290282,0.75185,-0.650449,0.10788,0.238102,-0.136368,0.0066739,0.990636,0.262969
-0.645059,-0.759537,-0.0836803,-0.290276,0.751866,-0.65043,0.107882,0.238109,-0.136368,0.0066739,0.990636,0.262969
-0.644803,-0.759549,-0.0855239,-0.290805,0.751605,-0.650418,0.109754,0.238645,-0.13899,0.00648951,0.990273,0.262729
-0.644803,-0.759549,-0.0855239,-0.290805,0.751605,-0.650418,0.109754,0.238645,-0.13899,0.00648951,0.990273,0.262729
-0.64449,-0.759581,-0.0875697,-0.291384,0.751329,-0.650382,0.111837,0.23925,-0.141903,0.00628445,0.989861,0.26246
-0.64449,-0.759581,-0.0875697,-0.291384,0.751329,-0.650382,0.111837,0.23925,-0.141903,0.00628445,0.989861,0.26246
-0.644466,-0.759604,-0.0875537,-0.291376,0.751354,-0.650355,0.111828,0.23926,-0.141886,0.00628566,0.989863,0.262466
-0.644196,-0.759605,-0.0895052,-0.291935,0.751055,-0.650356,0.11381,0.239826,-0.144661,0.0060925,0.989463,0.262208
-0.644196,-0.759605,-0.0895052,-0.291935,0.751055,-0.650356,0.11381,0.239826,-0.144661,0.0060925,0.989463,0.262208
-0.643915,-0.759635,-0.0912583,-0.292437,0.750811,-0.650323,0.115596,0.240353,-0.147158,0.00591651,0.989095,0.261983
-0.643915,-0.759635,-0.0912583,-0.292437,0.750811,-0.650323,0.115596,0.240353,-0.147158,0.00591651,0.989095,0.261983
-0.643901,-0.759653,-0.0912066,-0.292431,0.750837,-0.650302,0.11555,0.240362,-0.14709,0.00592137,0.989105,0.262009
-0.643588,-0.759665,-0.0932893,-0.293027,0.750519,-0.650289,0.117665,0.240967,-0.150051,0.00571256,0.988662,0.261728
-0.643588,-0.759665,-0.0932893,-0.293027,0.750519,-0.650289,0.117665,0.240967,-0.150051,0.00571256,0.988662,0.261728
-0.643236,-0.759702,-0.0953923,-0.293629,0.750218,-0.650248,0.119792,0.241595,-0.153035,0.00548967,0.988206,0.261451
-0.643236,-0.759702,-0.0953923,-0.293629,0.750218,-0.650248,0.119792,0.241595,-0.153035,0.00548967,0.988206,0.261451
-0.643215,-0.759724,-0.0953642,-0.293621,0.750243,-0.650223,0.119771,0.241605,-0.153001,0.0054921,0.988211,0.261464
-0.642871,-0.759736,-0.0975657,-0.29425,0.749893,-0.650211,0.122007,0.242243,-0.156132,0.00527102,0.987722,0.261161
-0.642871,-0.759736,-0.0975657,-0.29425,0.749893,-0.650211,0.122007,0.242243,-0.156132,0.00527102,0.987722,0.261161
-0.642516,-0.759768,-0.0996291,-0.294832,0.749579,-0.650175,0.124111,0.242853,-0.159072,0.00506326,0.987254,0.260874
-0.642516,-0.759768,-0.0996291,-0.294832,0.749579,-0.650175,0.124111,0.242853,-0.159072,0.00506326,0.987254,0.260874
-0.642496,-0.759785,-0.0996259,-0.294826,0.749596,-0.650155,0.124113,0.242861,-0.159072,0.00506326,0.987254,0.260874
-0.642496,-0.759785,-0.0996259,-0.294826,0.749596,-0.650155,0.124113,0.242861,-0.159072,0.00506326,0.987254,0.260874
-0.642496,-0.759785,-0.0996259,-0.294826,0.749596,-0.650155,0.124113,0.242861,-0.159072,0.00506326,0.987254,0.260874
-0.641673,-0.759829,-0.104478,-0.296203,0.748804,-0.650107,0.129051,0.244277,-0.165978,0.00457466,0.986119,0.260189
-0.641673,-0.759829,-0.104478,-0.296203,0.748804,-0.650107,0.129051,0.244277,-0.165978,0.00457466,0.986119,0.260189
-0.641649,-0.759849,-0.104474,-0.296196,0.748824,-0.650083,0.129054,0.244287,-0.165978,0.00457466,0.986119,0.260189
-0.641266,-0.75986,-0.106731,-0.296839,0.748434,-0.650073,0.131347,0.24494,-0.169188,0.0043473,0.985574,0.259866
-0.641266,-0.75986,-0.106731,-0.296839,0.748434,-0.650073,0.131347,0.24494,-0.169188,0.0043473,0.985574,0.259866
-0.6408,-0.759895,-0.109247,-0.297547,0.748014,-0.650032,0.133913,0.245681,-0.172774,0.00409313,0.984953,0.259501
-0.6408,-0.759895,-0.109247,-0.297547,0.748014,-0.650032,0.133913,0.245681,-0.172774,0.00409313,0.984953,0.259501
-0.640749,-0.75994,-0.109238,-0.297531,0.748058,-0.649981,0.13392,0.245701,-0.172774,0.00409313,0.984953,0.259501
-0.640296,-0.75995,-0.111793,-0.298258,0.747597,-0.64997,0.136517,0.24644,-0.176408,0.00383526,0.98431,0.259127
-0.640296,-0.75995,-0.111793,-0.298258,0.747597,-0.64997,0.136517,0.24644,-0.176408,0.00383526,0.98431,0.259127
-0.639765,-0.760002,-0.114446,-0.298999,0.747148,-0.649911,0.13923,0.247229,-0.180195,0.00356639,0.983625,0.258733
-0.639765,-0.760002,-0.114446,-0.298999,0.747148,-0.649911,0.13923,0.247229,-0.180195,0.00356639,0.983625,0.258733
-0.639708,-0.760052,-0.114435,-0.29898,0.747198,-0.649853,0.139239,0.247252,-0.180195,0.00356639,0.983625,0.258733
-0.639224,-0.760061,-0.117047,-0.299722,0.746706,-0.649843,0.141894,0.248007,-0.18391,0.00330233,0.982938,0.258342
-0.639224,-0.760061,-0.117047,-0.299722,0.746706,-0.649843,0.141894,0.248007,-0.18391,0.00330233,0.982938,0.258342
-0.638663,-0.760121,-0.119693,-0.300457,0.746245,-0.649775,0.144605,0.248798,-0.187691,0.00303336,0.982223,0.25794
-0.638663,-0.760121,-0.119693,-0.300457,0.746245,-0.649775,0.144605,0.248798,-0.187691,0.00303336,0.982223,0.25794
-0.638616,-0.760161,-0.119684,-0.300442,0.746285,-0.649727,0.144612,0.248816,-0.187691,0.00303336,0.982223,0.25794
-0.638117,-0.760169,-0.122267,-0.301175,0.745778,-0.649719,0.147239,0.249562,-0.191366,0.00277164,0.981515,0.257545
-0.638117,-0.760169,-0.122267,-0.301175,0.745778,-0.649719,0.147239,0.249562,-0.191366,0.00277164,0.981515,0.257545
-0.637632,-0.760211,-0.124516,-0.301809,0.745362,-0.649671,0.149542,0.250237,-0.194578,0.00254276,0.980884,0.257206
-0.637632,-0.760211,-0.124516,-0.301809,0.745362,-0.649671,0.149542,0.250237,-0.194578,0.00254276,0.980884,0.257206
-0.637595,-0.760243,-0.124509,-0.301796,0.745394,-0.649634,0.149548,0.250252,-0.194578,0.00254276,0.980884,0.257206
-0.637093,-0.760249,-0.127017,-0.302507,0.744883,-0.649627,0.152098,0.250975,-0.198146,0.00228828,0.98017,0.256814
-0.637093,-0.760249,-0.127017,-0.302507,0.744883,-0.649627,0.152098,0.250975,-0.198146,0.00228828,0.98017,0.256814
-0.636553,-0.760278,-0.129529,-0.303215,0.744383,-0.649595,0.154664,0.251715,-0.201729,0.00203255,0.979439,0.256422
-0.636553,-0.760278,-0.129529,-0.303215,0.744383,-0.649595,0.154664,0.251715,-0.201729,0.00203255,0.979439,0.256422
-0.63653,-0.7603,-0.129512,-0.303206,0.744407,-0.649569,0.154656,0.251725,-0.201712,0.00203377,0.979443,0.256429
-0.636027,-0.760305,-0.131932,-0.303891,0.743896,-0.649564,0.157118,0.252422,-0.205155,0.00178776,0.978728,0.256044
-0.636027,-0.760305,-0.131932,-0.303891,0.743896,-0.649564,0.157118,0.252422,-0.205155,0.00178776,0.978728,0.256044
-0.635448,-0.760335,-0.134525,-0.304618,0.743365,-0.649529,0.15975,0.25318,-0.208841,0.00151147,0.977948,0.255626
-0.635448,-0.760335,-0.134525,-0.304618,0.743365,-0.649529,0.15975,0.25318,-0.208841,0.00151147,0.977948,0.255626
-0.635419,-0.76036,-0.134519,-0.304608,0.74339,-0.6495,0.159755,0.253191,-0.208841,0.00151147,0.977948,0.255626
-0.634927,-0.760363,-0.136803,-0.305254,0.742889,-0.649497,0.162079,0.253848,-0.212092,0.0012788,0.977249,0.255255
-0.634927,-0.760363,-0.136803,-0.305254,0.742889,-0.649497,0.162079,0.253848,-0.212092,0.0012788,0.977249,0.255255
-0.634361,-0.760394,-0.139237,-0.305936,0.742374,-0.649461,0.164563,0.254557,-0.215562,0.00102651,0.97649,0.254856
-0.634361,-0.760394,-0.139237,-0.305936,0.742374,-0.649461,0.164563,0.254557,-0.215562,0.00102651,0.97649,0.254856
-0.63434,-0.760412,-0.139232,-0.305929,0.742392,-0.64944,0.164567,0.254566,-0.215562,0.00102651,0.97649,0.254856
-0.633803,-0.760404,-0.141704,-0.306627,0.741821,-0.64945,0.167082,0.255276,-0.21908,0.000778074,0.975707,0.254447
-0.633803,-0.760404,-0.141704,-0.306627,0.741821,-0.64945,0.167082,0.255276,-0.21908,0.000778074,0.975707,0.254447
-0.633208,-0.760441,-0.144144,-0.307307,0.741293,-0.649407,0.169576,0.255989,-0.222561,0.000524421,0.974919,0.254038
-0.633208,-0.760441,-0.144144,-0.307307,0.741293,-0.649407,0.169576,0.255989,-0.222561,0.000524421,0.974919,0.254038
-0.633171,-0.760473,-0.144135,-0.307294,0.741324,-0.649369,0.169583,0.256004,-0.222561,0.000524421,0.974919,0.254038
-0.633169,-0.760473,-0.144147,-0.307294,0.741321,-0.649369,0.169596,0.256004,-0.222578,0.000523202,0.974915,0.254031
-0.633169,-0.760473,-0.144147,-0.307294,0.741321,-0.649369,0.169596,0.256004,-0.222578,0.000523202,0.974915,0.254031
-0.63197,-0.760512,-0.149118,-0.308683,0.740181,-0.649324,0.174673,0.25745,-0.229667,1.37755e-05,0.973269,0.253187
-0.63197,-0.760512,-0.149118,-0.308683,0.740181,-0.649324,0.174673,0.25745,-0.229667,1.37755e-05,0.973269,0.253187
-0.631937,-0.76054,-0.14911,-0.308672,0.740208,-0.649291,0.17468,0.257464,-0.229667,1.37755e-05,0.973269,0.253187
-0.631386,-0.76054,-0.151431,-0.309325,0.739647,-0.649291,0.177042,0.258129,-0.23297,-0.000223878,0.972484,0.252788
-0.631386,-0.76054,-0.151431,-0.309325,0.739647,-0.649291,0.177042,0.258129,-0.23297,-0.000223878,0.972484,0.252788
-0.630751,-0.760574,-0.153882,-0.310007,0.739076,-0.649251,0.179555,0.258854,-0.236473,-0.000476153,0.971638,0.252366
-0.630751,-0.760574,-0.153882,-0.310007,0.739076,-0.649251,0.179555,0.258854,-0.236473,-0.000476153,0.971638,0.252366
-0.630701,-0.760618,-0.15387,-0.309989,0.739119,-0.649199,0.179566,0.258875,-0.236473,-0.000476153,0.971638,0.252366
-0.630101,-0.760617,-0.156317,-0.310677,0.738508,-0.649201,0.182057,0.259576,-0.239957,-0.000727203,0.970783,0.251938
-0.630101,-0.760617,-0.156317,-0.310677,0.738508,-0.649201,0.182057,0.259576,-0.239957,-0.000727203,0.970783,0.251938
-0.629427,-0.760675,-0.158733,-0.31134,0.737949,-0.649133,0.184548,0.260304,-0.24342,-0.000977025,0.969921,0.251513
-0.629427,-0.760675,-0.158733,-0.31134,0.737949,-0.649133,0.184548,0.260304,-0.24342,-0.000977025,0.969921,0.251513
-0.629349,-0.760746,-0.158701,-0.311312,0.738021,-0.649049,0.184554,0.260339,-0.243403,-0.000975806,0.969925,0.25152
-0.628755,-0.760743,-0.161048,-0.311971,0.737417,-0.649052,0.186944,0.26101,-0.246745,-0.00121709,0.96908,0.251102
-0.628755,-0.760743,-0.161048,-0.311971,0.737417,-0.649052,0.186944,0.26101,-0.246745,-0.00121709,0.96908,0.251102
-0.628137,-0.760798,-0.163187,-0.31256,0.73691,-0.648987,0.189155,0.261661,-0.249815,-0.00143886,0.968293,0.250725
-0.628137,-0.760798,-0.163187,-0.31256,0.73691,-0.648987,0.189155,0.261661,-0.249815,-0.00143886,0.968293,0.250725
-0.628092,-0.760846,-0.163137,-0.312541,0.736965,-0.648931,0.18913,0.261685,-0.249764,-0.0014352,0.968306,0.250746
-0.627439,-0.760846,-0.165635,-0.313241,0.736312,-0.648931,0.191659,0.262398,-0.253309,-0.00170455,0.967384,0.250293
-0.627439,-0.760846,-0.165635,-0.313241,0.736312,-0.648931,0.191659,0.262398,-0.253309,-0.00170455,0.967384,0.250293
-0.626764,-0.760881,-0.168011,-0.313902,0.735709,-0.648889,0.194103,0.263106,-0.256709,-0.00195067,0.966487,0.249867
-0.626764,-0.760881,-0.168011,-0.313902,0.735709,-0.648889,0.194103,0.263106,-0.256709,-0.00195067,0.966487,0.249867
-0.626734,-0.760912,-0.167978,-0.31389,0.735746,-0.648852,0.194087,0.263122,-0.256676,-0.00194824,0.966496,0.249881
-0.626095,-0.760911,-0.170353,-0.314554,0.735107,-0.648852,0.196491,0.2638,-0.260046,-0.00220542,0.965594,0.249443
-0.626095,-0.760911,-0.170353,-0.314554,0.735107,-0.648852,0.196491,0.2638,-0.260046,-0.00220542,0.965594,0.249443
-0.625387,-0.760947,-0.172772,-0.315222,0.73448,-0.648809,0.198963,0.264515,-0.263496,-0.0024687,0.964657,0.248996
-0.625387,-0.760947,-0.172772,-0.315222,0.73448,-0.648809,0.198963,0.264515,-0.263496,-0.0024687,0.964657,0.248996
-0.625338,-0.76099,-0.172759,-0.315205,0.734521,-0.648759,0.198974,0.264536,-0.263496,-0.0024687,0.964657,0.248996
-0.624713,-0.760995,-0.174986,-0.315827,0.733908,-0.648752,0.201245,0.265171,-0.266669,-0.0027036,0.963784,0.248578
-0.624713,-0.760995,-0.174986,-0.315827,0.733908,-0.648752,0.201245,0.265171,-0.266669,-0.0027036,0.963784,0.248578
-0.623949,-0.761042,-0.177489,-0.316509,0.733245,-0.648696,0.203828,0.265915,-0.270258,-0.00296433,0.962783,0.248101
-0.623949,-0.761042,-0.177489,-0.316509,0.733245,-0.648696,0.203828,0.265915,-0.270258,-0.00296433,0.962783,0.248101
-0.623871,-0.761111,-0.177467,-0.316481,0.733311,-0.648615,0.203847,0.265949,-0.270258,-0.00296433,0.962783,0.248101
-0.623118,-0.761106,-0.180114,-0.31722,0.732556,-0.648619,0.20653,0.266702,-0.274017,-0.0032508,0.961719,0.247596
-0.623118,-0.761106,-0.180114,-0.31722,0.732556,-0.648619,0.20653,0.266702,-0.274017,-0.0032508,0.961719,0.247596
-0.622183,-0.761219,-0.182851,-0.317945,0.731871,-0.648485,0.20936,0.267547,-0.277945,-0.00356306,0.96059,0.247062
-0.622183,-0.761219,-0.182851,-0.317945,0.731871,-0.648485,0.20936,0.267547,-0.277945,-0.00356306,0.96059,0.247062
-0.621963,-0.761414,-0.182788,-0.317865,0.732058,-0.648257,0.209415,0.267643,-0.277945,-0.00356306,0.96059,0.247062
-0.621252,-0.761415,-0.185183,-0.318532,0.731371,-0.648253,0.211812,0.268324,-0.281323,-0.00384881,0.959605,0.246596
-0.621252,-0.761415,-0.185183,-0.318532,0.731371,-0.648253,0.211812,0.268324,-0.281323,-0.00384881,0.959605,0.246596
-0.620186,-0.761619,-0.187899,-0.319223,0.730763,-0.648012,0.21463,0.269211,-0.285227,-0.00419971,0.958451,0.246051
-0.620186,-0.761619,-0.187899,-0.319223,0.730763,-0.648012,0.21463,0.269211,-0.285227,-0.00419971,0.958451,0.246051
-0.619908,-0.761865,-0.187818,-0.319121,0.730999,-0.647722,0.214701,0.269332,-0.285227,-0.00419971,0.958451,0.246051
-0.619077,-0.761867,-0.190535,-0.319876,0.7302,-0.647718,0.217415,0.270104,-0.289054,-0.00453221,0.957302,0.245513
-0.619077,-0.761867,-0.190535,-0.319876,0.7302,-0.647718,0.217415,0.270104,-0.289054,-0.00453221,0.957302,0.245513
-0.61781,-0.762228,-0.193181,-0.320493,0.729712,-0.64729,0.220308,0.271071,-0.292969,-0.0048584,0.956109,0.244959
-0.61781,-0.762228,-0.193181,-0.320493,0.729712,-0.64729,0.220308,0.271071,-0.292969,-0.0048584,0.956109,0.244959
-0.617354,-0.762633,-0.193044,-0.320323,0.730098,-0.646814,0.220429,0.271271,-0.292969,-0.0048584,0.956109,0.244959
-0.616499,-0.762628,-0.195773,-0.321081,0.72926,-0.646816,0.223177,0.272047,-0.29683,-0.00518098,0.954916,0.244407
-0.616499,-0.762628,-0.195773,-0.321081,0.72926,-0.646816,0.223177,0.272047,-0.29683,-0.00518098,0.954916,0.244407
-0.615119,-0.763141,-0.198102,-0.321564,0.728985,-0.646209,0.225823,0.273016,-0.30035,-0.00550553,0.953813,0.243902
-0.615119,-0.763141,-0.198102,-0.321564,0.728985,-0.646209,0.225823,0.273016,-0.30035,-0.00550553,0.953813,0.243902
-0.614459,-0.763742,-0.197834,-0.321311,0.729575,-0.645498,0.225947,0.273317,-0.300267,-0.00549944,0.953839,0.243938
-0.613559,-0.763752,-0.200569,-0.322068,0.728752,-0.645483,0.228632,0.274095,-0.304082,-0.00588612,0.952628,0.243376
-0.613559,-0.763752,-0.200569,-0.322068,0.728752,-0.645483,0.228632,0.274095,-0.304082,-0.00588612,0.952628,0.243376
-0.611969,-0.764376,-0.203035,-0.322565,0.728516,-0.64474,0.231459,0.275184,-0.307827,-0.00626816,0.951422,0.242843
-0.611969,-0.764376,-0.203035,-0.322565,0.728516,-0.64474,0.231459,0.275184,-0.307827,-0.00626816,0.951422,0.242843
-0.611237,-0.765027,-0.202789,-0.322288,0.729138,-0.643968,0.231653,0.27551,-0.30781,-0.00626694,0.951427,0.242851
-0.610388,-0.765039,-0.205283,-0.322975,0.728378,-0.64395,0.234083,0.27622,-0.311275,-0.00664229,0.950297,0.242328
-0.610388,-0.765039,-0.205283,-0.322975,0.728378,-0.64395,0.234083,0.27622,-0.311275,-0.00664229,0.950297,0.242328
-0.608599,-0.765755,-0.20791,-0.323468,0.728155,-0.643093,0.237112,0.277393,-0.315276,-0.00708458,0.948974,0.241719
-0.608599,-0.765755,-0.20791,-0.323468,0.728155,-0.643093,0.237112,0.277393,-0.315276,-0.00708458,0.948974,0.241719
-0.60786,-0.766407,-0.20767,-0.323186,0.728771,-0.642316,0.237323,0.277721,-0.315276,-0.00708458,0.948974,0.241719
-0.606823,-0.766419,-0.210637,-0.324003,0.727837,-0.642297,0.240223,0.278567,-0.319403,-0.00753696,0.947589,0.241084
-0.606823,-0.766419,-0.210637,-0.324003,0.727837,-0.642297,0.240223,0.278567,-0.319403,-0.00753696,0.947589,0.241084
-0.60486,-0.767222,-0.213341,-0.324485,0.727644,-0.641331,0.243371,0.279819,-0.323542,-0.00803129,0.94618,0.240437
-0.60486,-0.767222,-0.213341,-0.324485,0.727644,-0.641331,0.243371,0.279819,-0.323542,-0.00803129,0.94618,0.240437
-0.604097,-0.767894,-0.213087,-0.324191,0.728277,-0.640527,0.243594,0.280158,-0.323542,-0.00803129,0.94618,0.240437
-0.603056,-0.767914,-0.215942,-0.324974,0.727385,-0.640496,0.246326,0.280973,-0.327467,-0.00852409,0.944824,0.239815
-0.603056,-0.767914,-0.215942,-0.324974,0.727385,-0.640496,0.246326,0.280973,-0.327467,-0.00852409,0.944824,0.239815
-0.60095,-0.768764,-0.218771,-0.325474,0.727199,-0.639467,0.249527,0.282281,-0.331724,-0.00913677,0.943332,0.239124
-0.60095,-0.768764,-0.218771,-0.325474,0.727199,-0.639467,0.249527,0.282281,-0.331724,-0.00913677,0.943332,0.239124
-0.60008,-0.769528,-0.218472,-0.325137,0.727917,-0.638547,0.249788,0.28267,-0.331724,-0.00913677,0.943332,0.239124
-0.598834,-0.76956,-0.221754,-0.326032,0.726895,-0.638499,0.252868,0.283606,-0.336187,-0.00976612,0.941745,0.238394
-0.598834,-0.76956,-0.221754,-0.326032,0.726895,-0.638499,0.252868,0.283606,-0.336187,-0.00976612,0.941745,0.238394
-0.596698,-0.770456,-0.224386,-0.326448,0.726712,-0.637411,0.256117,0.284915,-0.340353,-0.0102394,0.940242,0.237715
-0.596698,-0.770456,-0.224386,-0.326448,0.726712,-0.637411,0.256117,0.284915,-0.340353,-0.0102394,0.940242,0.237715
-0.595725,-0.771312,-0.224031,-0.326065,0.727518,-0.636375,0.256407,0.285354,-0.340337,-0.0102382,0.940248,0.237722
-0.594409,-0.771316,-0.227487,-0.327009,0.726325,-0.636361,0.259801,0.286346,-0.345152,-0.0108015,0.938485,0.236933
-0.594409,-0.771316,-0.227487,-0.327009,0.726325,-0.636361,0.259801,0.286346,-0.345152,-0.0108015,0.938485,0.236933
-0.592053,-0.772224,-0.230529,-0.327533,0.726006,-0.635248,0.263391,0.287783,-0.34984,-0.0114243,0.93674,0.236147
-0.592053,-0.772224,-0.230529,-0.327533,0.726006,-0.635248,0.263391,0.287783,-0.34984,-0.0114243,0.93674,0.236147
-0.591045,-0.773105,-0.230164,-0.327134,0.726827,-0.634176,0.263711,0.288237,-0.34984,-0.0114243,0.93674,0.236147
-0.589808,-0.773104,-0.233316,-0.327992,0.7257,-0.634167,0.266819,0.289145,-0.35424,-0.0119451,0.935078,0.23541
-0.589808,-0.773104,-0.233316,-0.327992,0.7257,-0.634167,0.266819,0.289145,-0.35424,-0.0119451,0.935078,0.23541
-0.587483,-0.773931,-0.23642,-0.328549,0.725175,-0.633148,0.270638,0.290583,-0.359144,-0.0124504,0.933199,0.234589
-0.587483,-0.773931,-0.23642,-0.328549,0.725175,-0.633148,0.270638,0.290583,-0.359144,-0.0124504,0.933199,0.234589
-0.586622,-0.774682,-0.236099,-0.328204,0.725872,-0.632229,0.270919,0.290972,-0.359144,-0.0124504,0.933199,0.234589
-0.585271,-0.774659,-0.239502,-0.329131,0.724551,-0.632246,0.274391,0.291958,-0.363984,-0.0129381,0.931315,0.233771
-0.585271,-0.774659,-0.239502,-0.329131,0.724551,-0.632246,0.274391,0.291958,-0.363984,-0.0129381,0.931315,0.233771
