0.232062,0.181824,-0.955556,-0.562199,0.579948,-0.814531,-0.0141462,-0.187037,-0.780902,-0.55089,-0.29447,0.390431
0.232062,0.181824,-0.955556,-0.562199,0.579948,-0.814531,-0.0141462,-0.187037,-0.780902,-0.55089,-0.29447,0.390431
0.232062,0.181824,-0.955556,-0.562199,0.579948,-0.814531,-0.0141462,-0.187037,-0.780902,-0.55089,-0.29447,0.390431
0.232062,0.181824,-0.955556,-0.562199,0.579948,-0.814531,-0.0141462,-0.187037,-0.780902,-0.55089,-0.29447,0.390431
0.232062,0.181824,-0.955556,-0.562199,0.579948,-0.814531,-0.0141462,-0.187037,-0.780902,-0.55089,-0.29447,0.390431
0.232062,0.181824,-0.955556,-0.562199,0.579948,-0.814531,-0.0141462,-0.187037,-0.780902,-0.55089,-0.29447,0.390431
0.233924,0.186398,-0.95422,-0.560709,0.582679,-0.812548,-0.0158819,-0.187916,-0.778309,-0.552288,-0.298685,0.388326
0.233924,0.186398,-0.95422,-0.560709,0.582679,-0.812548,-0.0158819,-0.187916,-0.778309,-0.552288,-0.298685,0.388326
0.233924,0.186398,-0.95422,-0.560709,0.582679,-0.812548,-0.0158819,-0.187916,-0.778309,-0.552288,-0.298685,0.388326
0.233924,0.186398,-0.95422,-0.560709,0.582679,-0.812548,-0.0158819,-0.187916,-0.778309,-0.552288,-0.298685,0.388326
0.235635,0.190906,-0.952907,-0.559224,0.585346,-0.810592,-0.0176499,-0.188806,-0.775788,-0.553621,-0.30275,0.386309
0.235635,0.190906,-0.952907,-0.559224,0.585346,-0.810592,-0.0176499,-0.188806,-0.775788,-0.553621,-0.30275,0.386309
0.235635,0.190906,-0.952907,-0.559224,0.585346,-0.810592,-0.0176499,-0.188806,-0.775788,-0.553621,-0.30275,0.386309
0.235635,0.190906,-0.952907,-0.559224,0.585346,-0.810592,-0.0176499,-0.188806,-0.775788,-0.553621,-0.30275,0.386309
0.235635,0.190906,-0.952907,-0.559224,0.585346,-0.810592,-0.0176499,-0.188806,-0.775788,-0.553621,-0.30275,0.386309
0.235635,0.190906,-0.952907,-0.559224,0.585346,-0.810592,-0.0176499,-0.188806,-0.775788,-0.553621,-0.30275,0.386309
0.237523,0.195355,-0.951535,-0.557726,0.588051,-0.808595,-0.0192187,-0.189574,-0.773161,-0.554987,-0.306939,0.38423
0.237523,0.195355,-0.951535,-0.557726,0.588051,-0.808595,-0.0192187,-0.189574,-0.773161,-0.554987,-0.306939,0.38423
0.237523,0.195355,-0.951535,-0.557726,0.588051,-0.808595,-0.0192187,-0.189574,-0.773161,-0.554987,-0.306939,0.38423
0.237523,0.195355,-0.951535,-0.557726,0.588051,-0.808595,-0.0192187,-0.189574,-0.773161,-0.554987,-0.306939,0.38423
0.237523,0.195355,-0.951535,-0.557726,0.588051,-0.808595,-0.0192187,-0.189574,-0.773161,-0.554987,-0.306939,0.38423
0.237523,0.195355,-0.951535,-0.557726,0.588051,-0.808595,-0.0192187,-0.189574,-0.773161,-0.554987,-0.306939,0.38423
0.237523,0.195355,-0.951535,-0.557726,0.588051,-0.808595,-0.0192187,-0.189574,-0.773161,-0.554987,-0.306939,0.38423
0.237523,0.195355,-0.951535,-0.557726,0.588051,-0.808595,-0.0192187,-0.189574,-0.773161,-0.554987,-0.306939,0.38423
0.239704,0.199609,-0.950104,-0.556236,0.590749,-0.806597,-0.0204178,-0.19011,-0.770427,-0.556379,-0.311264,0.382097
0.239704,0.199609,-0.950104,-0.556236,0.590749,-0.806597,-0.0204178,-0.19011,-0.770427,-0.556379,-0.311264,0.382097
0.239704,0.199609,-0.950104,-0.556236,0.590749,-0.806597,-0.0204178,-0.19011,-0.770427,-0.556379,-0.311264,0.382097
0.239704,0.199609,-0.950104,-0.556236,0.590749,-0.806597,-0.0204178,-0.19011,-0.770427,-0.556379,-0.311264,0.382097
0.239704,0.199609,-0.950104,-0.556236,0.590749,-0.806597,-0.0204178,-0.19011,-0.770427,-0.556379,-0.311264,0.382097
0.239704,0.199609,-0.950104,-0.556236,0.590749,-0.806597,-0.0204178,-0.19011,-0.770427,-0.556379,-0.311264,0.382097
0.239704,0.199609,-0.950104,-0.556236,0.590749,-0.806597,-0.0204178,-0.19011,-0.770427,-0.556379,-0.311264,0.382097
0.239704,0.199609,-0.950104,-0.556236,0.590749,-0.806597,-0.0204178,-0.19011,-0.770427,-0.556379,-0.311264,0.382097
0.239704,0.199609,-0.950104,-0.556236,0.590749,-0.806597,-0.0204178,-0.19011,-0.770427,-0.556379,-0.311264,0.382097
0.239704,0.199609,-0.950104,-0.556236,0.590749,-0.806597,-0.0204178,-0.19011,-0.770427,-0.556379,-0.311264,0.382097
0.239704,0.199609,-0.950104,-0.556236,0.590749,-0.806597,-0.0204178,-0.19011,-0.770427,-0.556379,-0.311264,0.382097
0.239704,0.199609,-0.950104,-0.556236,0.590749,-0.806597,-0.0204178,-0.19011,-0.770427,-0.556379,-0.311264,0.382097
0.241561,0.203735,-0.948757,-0.554826,0.593311,-0.80468,-0.0217343,-0.190742,-0.767874,-0.557658,-0.315257,0.380115
0.241561,0.203735,-0.948757,-0.554826,0.593311,-0.80468,-0.0217343,-0.190742,-0.767874,-0.557658,-0.315257,0.380115
0.241561,0.203735,-0.948757,-0.554826,0.593311,-0.80468,-0.0217343,-0.190742,-0.767874,-0.557658,-0.315257,0.380115
0.241561,0.203735,-0.948757,-0.554826,0.593311,-0.80468,-0.0217343,-0.190742,-0.767874,-0.557658,-0.315257,0.380115
0.241561,0.203735,-0.948757,-0.554826,0.593311,-0.80468,-0.0217343,-0.190742,-0.767874,-0.557658,-0.315257,0.380115
0.241561,0.203735,-0.948757,-0.554826,0.593311,-0.80468,-0.0217343,-0.190742,-0.767874,-0.557658,-0.315257,0.380115
0.241561,0.203735,-0.948757,-0.554826,0.593311,-0.80468,-0.0217343,-0.190742,-0.767874,-0.557658,-0.315257,0.380115
0.241561,0.203735,-0.948757,-0.554826,0.593311,-0.80468,-0.0217343,-0.190742,-0.767874,-0.557658,-0.315257,0.380115
0.243627,0.208229,-0.947252,-0.553265,0.596122,-0.802561,-0.0231041,-0.191381,-0.765039,-0.559049,-0.319656,0.377944
0.243627,0.208229,-0.947252,-0.553265,0.596122,-0.802561,-0.0231041,-0.191381,-0.765039,-0.559049,-0.319656,0.377944
0.243627,0.208229,-0.947252,-0.553265,0.596122,-0.802561,-0.0231041,-0.191381,-0.765039,-0.559049,-0.319656,0.377944
0.243627,0.208229,-0.947252,-0.553265,0.596122,-0.802561,-0.0231041,-0.191381,-0.765039,-0.559049,-0.319656,0.377944
0.243627,0.208229,-0.947252,-0.553265,0.596122,-0.802561,-0.0231041,-0.191381,-0.765039,-0.559049,-0.319656,0.377944
0.243627,0.208229,-0.947252,-0.553265,0.596122,-0.802561,-0.0231041,-0.191381,-0.765039,-0.559049,-0.319656,0.377944
0.243627,0.208229,-0.947252,-0.553265,0.596122,-0.802561,-0.0231041,-0.191381,-0.765039,-0.559049,-0.319656,0.377944
0.243627,0.208229,-0.947252,-0.553265,0.596122,-0.802561,-0.0231041,-0.191381,-0.765039,-0.559049,-0.319656,0.377944
0.243627,0.208229,-0.947252,-0.553265,0.596122,-0.802561,-0.0231041,-0.191381,-0.765039,-0.559049,-0.319656,0.377944
0.243627,0.208229,-0.947252,-0.553265,0.596122,-0.802561,-0.0231041,-0.191381,-0.765039,-0.559049,-0.319656,0.377944
0.243627,0.208229,-0.947252,-0.553265,0.596122,-0.802561,-0.0231041,-0.191381,-0.765039,-0.559049,-0.319656,0.377944
0.243627,0.208229,-0.947252,-0.553265,0.596122,-0.802561,-0.0231041,-0.191381,-0.765039,-0.559049,-0.319656,0.377944
0.245873,0.212413,-0.945742,-0.551749,0.59884,-0.800506,-0.0241072,-0.191794,-0.762193,-0.560421,-0.324024,0.375803
0.245873,0.212413,-0.945742,-0.551749,0.59884,-0.800506,-0.0241072,-0.191794,-0.762193,-0.560421,-0.324024,0.375803
0.245873,0.212413,-0.945742,-0.551749,0.59884,-0.800506,-0.0241072,-0.191794,-0.762193,-0.560421,-0.324024,0.375803
0.245873,0.212413,-0.945742,-0.551749,0.59884,-0.800506,-0.0241072,-0.191794,-0.762193,-0.560421,-0.324024,0.375803
0.245873,0.212413,-0.945742,-0.551749,0.59884,-0.800506,-0.0241072,-0.191794,-0.762193,-0.560421,-0.324024,0.375803
0.245873,0.212413,-0.945742,-0.551749,0.59884,-0.800506,-0.0241072,-0.191794,-0.762193,-0.560421,-0.324024,0.375803
0.245873,0.212413,-0.945742,-0.551749,0.59884,-0.800506,-0.0241072,-0.191794,-0.762193,-0.560421,-0.324024,0.375803
0.245873,0.212413,-0.945742,-0.551749,0.59884,-0.800506,-0.0241072,-0.191794,-0.762193,-0.560421,-0.324024,0.375803
0.247997,0.216854,-0.944178,-0.550135,0.601669,-0.798344,-0.025326,-0.192319,-0.759271,-0.561802,-0.328461,0.373639
0.247997,0.216854,-0.944178,-0.550135,0.601669,-0.798344,-0.025326,-0.192319,-0.759271,-0.561802,-0.328461,0.373639
0.247997,0.216854,-0.944178,-0.550135,0.601669,-0.798344,-0.025326,-0.192319,-0.759271,-0.561802,-0.328461,0.373639
0.247997,0.216854,-0.944178,-0.550135,0.601669,-0.798344,-0.025326,-0.192319,-0.759271,-0.561802,-0.328461,0.373639
0.247997,0.216854,-0.944178,-0.550135,0.601669,-0.798344,-0.025326,-0.192319,-0.759271,-0.561802,-0.328461,0.373639
0.247997,0.216854,-0.944178,-0.550135,0.601669,-0.798344,-0.025326,-0.192319,-0.759271,-0.561802,-0.328461,0.373639
0.247997,0.216854,-0.944178,-0.550135,0.601669,-0.798344,-0.025326,-0.192319,-0.759271,-0.561802,-0.328461,0.373639
0.247997,0.216854,-0.944178,-0.550135,0.601669,-0.798344,-0.025326,-0.192319,-0.759271,-0.561802,-0.328461,0.373639
0.247997,0.216854,-0.944178,-0.550135,0.601669,-0.798344,-0.025326,-0.192319,-0.759271,-0.561802,-0.328461,0.373639
0.247997,0.216854,-0.944178,-0.550135,0.601669,-0.798344,-0.025326,-0.192319,-0.759271,-0.561802,-0.328461,0.373639
0.247997,0.216854,-0.944178,-0.550135,0.601669,-0.798344,-0.025326,-0.192319,-0.759271,-0.561802,-0.328461,0.373639
0.247997,0.216854,-0.944178,-0.550135,0.601669,-0.798344,-0.025326,-0.192319,-0.759271,-0.561802,-0.328461,0.373639
0.250139,0.221247,-0.942592,-0.548512,0.604487,-0.796175,-0.026465,-0.192788,-0.756324,-0.563165,-0.332895,0.371489
0.250139,0.221247,-0.942592,-0.548512,0.604487,-0.796175,-0.026465,-0.192788,-0.756324,-0.563165,-0.332895,0.371489
0.250139,0.221247,-0.942592,-0.548512,0.604487,-0.796175,-0.026465,-0.192788,-0.756324,-0.563165,-0.332895,0.371489
0.250139,0.221247,-0.942592,-0.548512,0.604487,-0.796175,-0.026465,-0.192788,-0.756324,-0.563165,-0.332895,0.371489
0.250139,0.221247,-0.942592,-0.548512,0.604487,-0.796175,-0.026465,-0.192788,-0.756324,-0.563165,-0.332895,0.371489
0.250139,0.221247,-0.942592,-0.548512,0.604487,-0.796175,-0.026465,-0.192788,-0.756324,-0.563165,-0.332895,0.371489
0.250139,0.221247,-0.942592,-0.548512,0.604487,-0.796175,-0.026465,-0.192788,-0.756324,-0.563165,-0.332895,0.371489
0.250139,0.221247,-0.942592,-0.548512,0.604487,-0.796175,-0.026465,-0.192788,-0.756324,-0.563165,-0.332895,0.371489
0.252419,0.225528,-0.940968,-0.546903,0.607299,-0.794001,-0.0273923,-0.193135,-0.753308,-0.564535,-0.337384,0.36931
0.252419,0.225528,-0.940968,-0.546903,0.607299,-0.794001,-0.0273923,-0.193135,-0.753308,-0.564535,-0.337384,0.36931
0.252419,0.225528,-0.940968,-0.546903,0.607299,-0.794001,-0.0273923,-0.193135,-0.753308,-0.564535,-0.337384,0.36931
0.252419,0.225528,-0.940968,-0.546903,0.607299,-0.794001,-0.0273923,-0.193135,-0.753308,-0.564535,-0.337384,0.36931
0.252419,0.225528,-0.940968,-0.546903,0.607299,-0.794001,-0.0273923,-0.193135,-0.753308,-0.564535,-0.337384,0.36931
0.252419,0.225528,-0.940968,-0.546903,0.607299,-0.794001,-0.0273923,-0.193135,-0.753308,-0.564535,-0.337384,0.36931
0.252419,0.225528,-0.940968,-0.546903,0.607299,-0.794001,-0.0273923,-0.193135,-0.753308,-0.564535,-0.337384,0.36931
0.252419,0.225528,-0.940968,-0.546903,0.607299,-0.794001,-0.0273923,-0.193135,-0.753308,-0.564535,-0.337384,0.36931
0.252419,0.225528,-0.940968,-0.546903,0.607299,-0.794001,-0.0273923,-0.193135,-0.753308,-0.564535,-0.337384,0.36931
0.252419,0.225528,-0.940968,-0.546903,0.607299,-0.794001,-0.0273923,-0.193135,-0.753308,-0.564535,-0.337384,0.36931
0.252419,0.225528,-0.940968,-0.546903,0.607299,-0.794001,-0.0273923,-0.193135,-0.753308,-0.564535,-0.337384,0.36931
0.252419,0.225528,-0.940968,-0.546903,0.607299,-0.794001,-0.0273923,-0.193135,-0.753308,-0.564535,-0.337384,0.36931
0.254204,0.22969,-0.93948,-0.545373,0.609926,-0.791942,-0.0285853,-0.193653,-0.75058,-0.565747,-0.341409,0.367359
0.254204,0.22969,-0.93948,-0.545373,0.609926,-0.791942,-0.0285853,-0.193653,-0.75058,-0.565747,-0.341409,0.367359
0.254204,0.22969,-0.93948,-0.545373,0.609926,-0.791942,-0.0285853,-0.193653,-0.75058,-0.565747,-0.341409,0.367359
0.254204,0.22969,-0.93948,-0.545373,0.609926,-0.791942,-0.0285853,-0.193653,-0.75058,-0.565747,-0.341409,0.367359
0.254204,0.22969,-0.93948,-0.545373,0.609926,-0.791942,-0.0285853,-0.193653,-0.75058,-0.565747,-0.341409,0.367359
0.254204,0.22969,-0.93948,-0.545373,0.609926,-0.791942,-0.0285853,-0.193653,-0.75058,-0.565747,-0.341409,0.367359
0.254204,0.22969,-0.93948,-0.545373,0.609926,-0.791942,-0.0285853,-0.193653,-0.75058,-0.565747,-0.341409,0.367359
0.254204,0.22969,-0.93948,-0.545373,0.609926,-0.791942,-0.0285853,-0.193653,-0.75058,-0.565747,-0.341409,0.367359
0.25638,0.234051,-0.937811,-0.543701,0.612767,-0.78971,-0.0295697,-0.194013,-0.74752,-0.567079,-0.345885,0.365211
0.25638,0.234051,-0.937811,-0.543701,0.612767,-0.78971,-0.0295697,-0.194013,-0.74752,-0.567079,-0.345885,0.365211
0.25638,0.234051,-0.937811,-0.543701,0.612767,-0.78971,-0.0295697,-0.194013,-0.74752,-0.567079,-0.345885,0.365211
0.25638,0.234051,-0.937811,-0.543701,0.612767,-0.78971,-0.0295697,-0.194013,-0.74752,-0.567079,-0.345885,0.365211
0.25638,0.234051,-0.937811,-0.543701,0.612767,-0.78971,-0.0295697,-0.194013,-0.74752,-0.567079,-0.345885,0.365211
0.25638,0.234051,-0.937811,-0.543701,0.612767,-0.78971,-0.0295697,-0.194013,-0.74752,-0.567079,-0.345885,0.365211
0.25638,0.234051,-0.937811,-0.543701,0.612767,-0.78971,-0.0295697,-0.194013,-0.74752,-0.567079,-0.345885,0.365211
0.25638,0.234051,-0.937811,-0.543701,0.612767,-0.78971,-0.0295697,-0.194013,-0.74752,-0.567079,-0.345885,0.365211
0.25638,0.234051,-0.937811,-0.543701,0.612767,-0.78971,-0.0295697,-0.194013,-0.74752,-0.567079,-0.345885,0.365211
0.25638,0.234051,-0.937811,-0.543701,0.612767,-0.78971,-0.0295697,-0.194013,-0.74752,-0.567079,-0.345885,0.365211
0.25638,0.234051,-0.937811,-0.543701,0.612767,-0.78971,-0.0295697,-0.194013,-0.74752,-0.567079,-0.345885,0.365211
0.25638,0.234051,-0.937811,-0.543701,0.612767,-0.78971,-0.0295697,-0.194013,-0.74752,-0.567079,-0.345885,0.365211
0.258441,0.238318,-0.936169,-0.542042,0.615548,-0.787507,-0.0305437,-0.194363,-0.744519,-0.568363,-0.350221,0.363137
0.258441,0.238318,-0.936169,-0.542042,0.615548,-0.787507,-0.0305437,-0.194363,-0.744519,-0.568363,-0.350221,0.363137
0.258441,0.238318,-0.936169,-0.542042,0.615548,-0.787507,-0.0305437,-0.194363,-0.744519,-0.568363,-0.350221,0.363137
0.258441,0.238318,-0.936169,-0.542042,0.615548,-0.787507,-0.0305437,-0.194363,-0.744519,-0.568363,-0.350221,0.363137
0.258441,0.238318,-0.936169,-0.542042,0.615548,-0.787507,-0.0305437,-0.194363,-0.744519,-0.568363,-0.350221,0.363137
0.258441,0.238318,-0.936169,-0.542042,0.615548,-0.787507,-0.0305437,-0.194363,-0.744519,-0.568363,-0.350221,0.363137
0.258441,0.238318,-0.936169,-0.542042,0.615548,-0.787507,-0.0305437,-0.194363,-0.744519,-0.568363,-0.350221,0.363137
0.258441,0.238318,-0.936169,-0.542042,0.615548,-0.787507,-0.0305437,-0.194363,-0.744519,-0.568363,-0.350221,0.363137
0.260784,0.242711,-0.934389,-0.540307,0.618469,-0.785184,-0.0313428,-0.194599,-0.741275,-0.569716,-0.354873,0.360917
0.260784,0.242711,-0.934389,-0.540307,0.618469,-0.785184,-0.0313428,-0.194599,-0.741275,-0.569716,-0.354873,0.360917
0.260784,0.242711,-0.934389,-0.540307,0.618469,-0.785184,-0.0313428,-0.194599,-0.741275,-0.569716,-0.354873,0.360917
0.260784,0.242711,-0.934389,-0.540307,0.618469,-0.785184,-0.0313428,-0.194599,-0.741275,-0.569716,-0.354873,0.360917
0.260784,0.242711,-0.934389,-0.540307,0.618469,-0.785184,-0.0313428,-0.194599,-0.741275,-0.569716,-0.354873,0.360917
0.260784,0.242711,-0.934389,-0.540307,0.618469,-0.785184,-0.0313428,-0.194599,-0.741275,-0.569716,-0.354873,0.360917
0.260784,0.242711,-0.934389,-0.540307,0.618469,-0.785184,-0.0313428,-0.194599,-0.741275,-0.569716,-0.354873,0.360917
0.260784,0.242711,-0.934389,-0.540307,0.618469,-0.785184,-0.0313428,-0.194599,-0.741275,-0.569716,-0.354873,0.360917
0.260784,0.242711,-0.934389,-0.540307,0.618469,-0.785184,-0.0313428,-0.194599,-0.741275,-0.569716,-0.354873,0.360917
0.260784,0.242711,-0.934389,-0.540307,0.618469,-0.785184,-0.0313428,-0.194599,-0.741275,-0.569716,-0.354873,0.360917
0.260784,0.242711,-0.934389,-0.540307,0.618469,-0.785184,-0.0313428,-0.194599,-0.741275,-0.569716,-0.354873,0.360917
0.260784,0.242711,-0.934389,-0.540307,0.618469,-0.785184,-0.0313428,-0.194599,-0.741275,-0.569716,-0.354873,0.360917
0.2628,0.246516,-0.932827,-0.538806,0.621005,-0.783153,-0.0320096,-0.194794,-0.738437,-0.570878,-0.3589,0.358993
0.2628,0.246516,-0.932827,-0.538806,0.621005,-0.783153,-0.0320096,-0.194794,-0.738437,-0.570878,-0.3589,0.358993
0.2628,0.246516,-0.932827,-0.538806,0.621005,-0.783153,-0.0320096,-0.194794,-0.738437,-0.570878,-0.3589,0.358993
0.2628,0.246516,-0.932827,-0.538806,0.621005,-0.783153,-0.0320096,-0.194794,-0.738437,-0.570878,-0.3589,0.358993
0.2628,0.246516,-0.932827,-0.538806,0.621005,-0.783153,-0.0320096,-0.194794,-0.738437,-0.570878,-0.3589,0.358993
0.2628,0.246516,-0.932827,-0.538806,0.621005,-0.783153,-0.0320096,-0.194794,-0.738437,-0.570878,-0.3589,0.358993
0.2628,0.246516,-0.932827,-0.538806,0.621005,-0.783153,-0.0320096,-0.194794,-0.738437,-0.570878,-0.3589,0.358993
0.2628,0.246516,-0.932827,-0.538806,0.621005,-0.783153,-0.0320096,-0.194794,-0.738437,-0.570878,-0.3589,0.358993
0.264914,0.250687,-0.931116,-0.53715,0.623773,-0.780918,-0.0327782,-0.195029,-0.735342,-0.572121,-0.363248,0.356918
0.264914,0.250687,-0.931116,-0.53715,0.623773,-0.780918,-0.0327782,-0.195029,-0.735342,-0.572121,-0.363248,0.356918
0.264914,0.250687,-0.931116,-0.53715,0.623773,-0.780918,-0.0327782,-0.195029,-0.735342,-0.572121,-0.363248,0.356918
0.264914,0.250687,-0.931116,-0.53715,0.623773,-0.780918,-0.0327782,-0.195029,-0.735342,-0.572121,-0.363248,0.356918
0.264914,0.250687,-0.931116,-0.53715,0.623773,-0.780918,-0.0327782,-0.195029,-0.735342,-0.572121,-0.363248,0.356918
0.264914,0.250687,-0.931116,-0.53715,0.623773,-0.780918,-0.0327782,-0.195029,-0.735342,-0.572121,-0.363248,0.356918
0.264914,0.250687,-0.931116,-0.53715,0.623773,-0.780918,-0.0327782,-0.195029,-0.735342,-0.572121,-0.363248,0.356918
0.264914,0.250687,-0.931116,-0.53715,0.623773,-0.780918,-0.0327782,-0.195029,-0.735342,-0.572121,-0.363248,0.356918
0.264914,0.250687,-0.931116,-0.53715,0.623773,-0.780918,-0.0327782,-0.195029,-0.735342,-0.572121,-0.363248,0.356918
0.264914,0.250687,-0.931116,-0.53715,0.623773,-0.780918,-0.0327782,-0.195029,-0.735342,-0.572121,-0.363248,0.356918
0.264914,0.250687,-0.931116,-0.53715,0.623773,-0.780918,-0.0327782,-0.195029,-0.735342,-0.572121,-0.363248,0.356918
0.264914,0.250687,-0.931116,-0.53715,0.623773,-0.780918,-0.0327782,-0.195029,-0.735342,-0.572121,-0.363248,0.356918
0.266922,0.254786,-0.929428,-0.535523,0.626488,-0.778709,-0.0335486,-0.195271,-0.732302,-0.57332,-0.367475,0.354903
0.266922,0.254786,-0.929428,-0.535523,0.626488,-0.778709,-0.0335486,-0.195271,-0.732302,-0.57332,-0.367475,0.354903
0.266922,0.254786,-0.929428,-0.535523,0.626488,-0.778709,-0.0335486,-0.195271,-0.732302,-0.57332,-0.367475,0.354903
0.266922,0.254786,-0.929428,-0.535523,0.626488,-0.778709,-0.0335486,-0.195271,-0.732302,-0.57332,-0.367475,0.354903
0.266922,0.254786,-0.929428,-0.535523,0.626488,-0.778709,-0.0335486,-0.195271,-0.732302,-0.57332,-0.367475,0.354903
0.266922,0.254786,-0.929428,-0.535523,0.626488,-0.778709,-0.0335486,-0.195271,-0.732302,-0.57332,-0.367475,0.354903
0.266922,0.254786,-0.929428,-0.535523,0.626488,-0.778709,-0.0335486,-0.195271,-0.732302,-0.57332,-0.367475,0.354903
0.266922,0.254786,-0.929428,-0.535523,0.626488,-0.778709,-0.0335486,-0.195271,-0.732302,-0.57332,-0.367475,0.354903
0.268956,0.259104,-0.927646,-0.533811,0.629329,-0.776378,-0.034389,-0.195546,-0.729114,-0.574545,-0.371874,0.352813
0.268956,0.259104,-0.927646,-0.533811,0.629329,-0.776378,-0.034389,-0.195546,-0.729114,-0.574545,-0.371874,0.352813
0.268956,0.259104,-0.927646,-0.533811,0.629329,-0.776378,-0.034389,-0.195546,-0.729114,-0.574545,-0.371874,0.352813
0.268956,0.259104,-0.927646,-0.533811,0.629329,-0.776378,-0.034389,-0.195546,-0.729114,-0.574545,-0.371874,0.352813
0.268956,0.259104,-0.927646,-0.533811,0.629329,-0.776378,-0.034389,-0.195546,-0.729114,-0.574545,-0.371874,0.352813
0.268956,0.259104,-0.927646,-0.533811,0.629329,-0.776378,-0.034389,-0.195546,-0.729114,-0.574545,-0.371874,0.352813
0.268956,0.259104,-0.927646,-0.533811,0.629329,-0.776378,-0.034389,-0.195546,-0.729114,-0.574545,-0.371874,0.352813
0.268956,0.259104,-0.927646,-0.533811,0.629329,-0.776378,-0.034389,-0.195546,-0.729114,-0.574545,-0.371874,0.352813
0.268956,0.259104,-0.927646,-0.533811,0.629329,-0.776378,-0.034389,-0.195546,-0.729114,-0.574545,-0.371874,0.352813
0.268956,0.259104,-0.927646,-0.533811,0.629329,-0.776378,-0.034389,-0.195546,-0.729114,-0.574545,-0.371874,0.352813
0.268956,0.259104,-0.927646,-0.533811,0.629329,-0.776378,-0.034389,-0.195546,-0.729114,-0.574545,-0.371874,0.352813
0.268956,0.259104,-0.927646,-0.533811,0.629329,-0.776378,-0.034389,-0.195546,-0.729114,-0.574545,-0.371874,0.352813
0.270693,0.263254,-0.925971,-0.532188,0.632011,-0.774153,-0.0353335,-0.1959,-0.726145,-0.57566,-0.375937,0.350877
0.270693,0.263254,-0.925971,-0.532188,0.632011,-0.774153,-0.0353335,-0.1959,-0.726145,-0.57566,-0.375937,0.350877
0.270693,0.263254,-0.925971,-0.532188,0.632011,-0.774153,-0.0353335,-0.1959,-0.726145,-0.57566,-0.375937,0.350877
0.270693,0.263254,-0.925971,-0.532188,0.632011,-0.774153,-0.0353335,-0.1959,-0.726145,-0.57566,-0.375937,0.350877
0.270693,0.263254,-0.925971,-0.532188,0.632011,-0.774153,-0.0353335,-0.1959,-0.726145,-0.57566,-0.375937,0.350877
0.270693,0.263254,-0.925971,-0.532188,0.632011,-0.774153,-0.0353335,-0.1959,-0.726145,-0.57566,-0.375937,0.350877
0.270693,0.263254,-0.925971,-0.532188,0.632011,-0.774153,-0.0353335,-0.1959,-0.726145,-0.57566,-0.375937,0.350877
0.270693,0.263254,-0.925971,-0.532188,0.632011,-0.774153,-0.0353335,-0.1959,-0.726145,-0.57566,-0.375937,0.350877
0.272571,0.267408,-0.924228,-0.530511,0.634754,-0.771869,-0.0361262,-0.196147,-0.723044,-0.576811,-0.380127,0.348894
0.272571,0.267408,-0.924228,-0.530511,0.634754,-0.771869,-0.0361262,-0.196147,-0.723044,-0.576811,-0.380127,0.348894
0.272571,0.267408,-0.924228,-0.530511,0.634754,-0.771869,-0.0361262,-0.196147,-0.723044,-0.576811,-0.380127,0.348894
0.272571,0.267408,-0.924228,-0.530511,0.634754,-0.771869,-0.0361262,-0.196147,-0.723044,-0.576811,-0.380127,0.348894
0.272571,0.267408,-0.924228,-0.530511,0.634754,-0.771869,-0.0361262,-0.196147,-0.723044,-0.576811,-0.380127,0.348894
0.272571,0.267408,-0.924228,-0.530511,0.634754,-0.771869,-0.0361262,-0.196147,-0.723044,-0.576811,-0.380127,0.348894
0.272571,0.267408,-0.924228,-0.530511,0.634754,-0.771869,-0.0361262,-0.196147,-0.723044,-0.576811,-0.380127,0.348894
0.272571,0.267408,-0.924228,-0.530511,0.634754,-0.771869,-0.0361262,-0.196147,-0.723044,-0.576811,-0.380127,0.348894
0.272571,0.267408,-0.924228,-0.530511,0.634754,-0.771869,-0.0361262,-0.196147,-0.723044,-0.576811,-0.380127,0.348894
0.272571,0.267408,-0.924228,-0.530511,0.634754,-0.771869,-0.0361262,-0.196147,-0.723044,-0.576811,-0.380127,0.348894
0.272571,0.267408,-0.924228,-0.530511,0.634754,-0.771869,-0.0361262,-0.196147,-0.723044,-0.576811,-0.380127,0.348894
0.272571,0.267408,-0.924228,-0.530511,0.634754,-0.771869,-0.0361262,-0.196147,-0.723044,-0.576811,-0.380127,0.348894
0.274173,0.271727,-0.922493,-0.52879,0.637517,-0.769538,-0.0371974,-0.196547,-0.720001,-0.577907,-0.384217,0.346975
0.274173,0.271727,-0.922493,-0.52879,0.637517,-0.769538,-0.0371974,-0.196547,-0.720001,-0.577907,-0.384217,0.346975
0.274173,0.271727,-0.922493,-0.52879,0.637517,-0.769538,-0.0371974,-0.196547,-0.720001,-0.577907,-0.384217,0.346975
0.274173,0.271727,-0.922493,-0.52879,0.637517,-0.769538,-0.0371974,-0.196547,-0.720001,-0.577907,-0.384217,0.346975
0.274173,0.271727,-0.922493,-0.52879,0.637517,-0.769538,-0.0371974,-0.196547,-0.720001,-0.577907,-0.384217,0.346975
0.274173,0.271727,-0.922493,-0.52879,0.637517,-0.769538,-0.0371974,-0.196547,-0.720001,-0.577907,-0.384217,0.346975
0.274173,0.271727,-0.922493,-0.52879,0.637517,-0.769538,-0.0371974,-0.196547,-0.720001,-0.577907,-0.384217,0.346975
0.274173,0.271727,-0.922493,-0.52879,0.637517,-0.769538,-0.0371974,-0.196547,-0.720001,-0.577907,-0.384217,0.346975
0.275409,0.275906,-0.920883,-0.527156,0.640132,-0.767302,-0.0384467,-0.197073,-0.717203,-0.578898,-0.387938,0.345222
0.275409,0.275906,-0.920883,-0.527156,0.640132,-0.767302,-0.0384467,-0.197073,-0.717203,-0.578898,-0.387938,0.345222
0.275409,0.275906,-0.920883,-0.527156,0.640132,-0.767302,-0.0384467,-0.197073,-0.717203,-0.578898,-0.387938,0.345222
0.275409,0.275906,-0.920883,-0.527156,0.640132,-0.767302,-0.0384467,-0.197073,-0.717203,-0.578898,-0.387938,0.345222
0.275409,0.275906,-0.920883,-0.527156,0.640132,-0.767302,-0.0384467,-0.197073,-0.717203,-0.578898,-0.387938,0.345222
0.275409,0.275906,-0.920883,-0.527156,0.640132,-0.767302,-0.0384467,-0.197073,-0.717203,-0.578898,-0.387938,0.345222
0.275409,0.275906,-0.920883,-0.527156,0.640132,-0.767302,-0.0384467,-0.197073,-0.717203,-0.578898,-0.387938,0.345222
0.275409,0.275906,-0.920883,-0.527156,0.640132,-0.767302,-0.0384467,-0.197073,-0.717203,-0.578898,-0.387938,0.345222
0.275409,0.275906,-0.920883,-0.527156,0.640132,-0.767302,-0.0384467,-0.197073,-0.717203,-0.578898,-0.387938,0.345222
0.275409,0.275906,-0.920883,-0.527156,0.640132,-0.767302,-0.0384467,-0.197073,-0.717203,-0.578898,-0.387938,0.345222
0.275409,0.275906,-0.920883,-0.527156,0.640132,-0.767302,-0.0384467,-0.197073,-0.717203,-0.578898,-0.387938,0.345222
0.275409,0.275906,-0.920883,-0.527156,0.640132,-0.767302,-0.0384467,-0.197073,-0.717203,-0.578898,-0.387938,0.345222
0.276817,0.280445,-0.919088,-0.525369,0.643001,-0.764835,-0.0397131,-0.197593,-0.714088,-0.579982,-0.392046,0.343288
0.276817,0.280445,-0.919088,-0.525369,0.643001,-0.764835,-0.0397131,-0.197593,-0.714088,-0.579982,-0.392046,0.343288
0.276817,0.280445,-0.919088,-0.525369,0.643001,-0.764835,-0.0397131,-0.197593,-0.714088,-0.579982,-0.392046,0.343288
0.276817,0.280445,-0.919088,-0.525369,0.643001,-0.764835,-0.0397131,-0.197593,-0.714088,-0.579982,-0.392046,0.343288
0.276817,0.280445,-0.919088,-0.525369,0.643001,-0.764835,-0.0397131,-0.197593,-0.714088,-0.579982,-0.392046,0.343288
0.276817,0.280445,-0.919088,-0.525369,0.643001,-0.764835,-0.0397131,-0.197593,-0.714088,-0.579982,-0.392046,0.343288
0.276817,0.280445,-0.919088,-0.525369,0.643001,-0.764835,-0.0397131,-0.197593,-0.714088,-0.579982,-0.392046,0.343288
0.276817,0.280445,-0.919088,-0.525369,0.643001,-0.764835,-0.0397131,-0.197593,-0.714088,-0.579982,-0.392046,0.343288
0.278273,0.284999,-0.917246,-0.523563,0.645905,-0.762321,-0.0409081,-0.198071,-0.710894,-0.58107,-0.396215,0.341325
0.278273,0.284999,-0.917246,-0.523563,0.645905,-0.762321,-0.0409081,-0.198071,-0.710894,-0.58107,-0.396215,0.341325
0.278273,0.284999,-0.917246,-0.523563,0.645905,-0.762321,-0.0409081,-0.198071,-0.710894,-0.58107,-0.396215,0.341325
0.278273,0.284999,-0.917246,-0.523563,0.645905,-0.762321,-0.0409081,-0.198071,-0.710894,-0.58107,-0.396215,0.341325
0.278273,0.284999,-0.917246,-0.523563,0.645905,-0.762321,-0.0409081,-0.198071,-0.710894,-0.58107,-0.396215,0.341325
0.278273,0.284999,-0.917246,-0.523563,0.645905,-0.762321,-0.0409081,-0.198071,-0.710894,-0.58107,-0.396215,0.341325
0.278273,0.284999,-0.917246,-0.523563,0.645905,-0.762321,-0.0409081,-0.198071,-0.710894,-0.58107,-0.396215,0.341325
0.278273,0.284999,-0.917246,-0.523563,0.645905,-0.762321,-0.0409081,-0.198071,-0.710894,-0.58107,-0.396215,0.341325
0.278273,0.284999,-0.917246,-0.523563,0.645905,-0.762321,-0.0409081,-0.198071,-0.710894,-0.58107,-0.396215,0.341325
0.278273,0.284999,-0.917246,-0.523563,0.645905,-0.762321,-0.0409081,-0.198071,-0.710894,-0.58107,-0.396215,0.341325
0.278273,0.284999,-0.917246,-0.523563,0.645905,-0.762321,-0.0409081,-0.198071,-0.710894,-0.58107,-0.396215,0.341325
0.278273,0.284999,-0.917246,-0.523563,0.645905,-0.762321,-0.0409081,-0.198071,-0.710894,-0.58107,-0.396215,0.341325
0.279193,0.28919,-0.915653,-0.521931,0.648488,-0.760048,-0.0423142,-0.198692,-0.708177,-0.581976,-0.399736,0.339674
0.279193,0.28919,-0.915653,-0.521931,0.648488,-0.760048,-0.0423142,-0.198692,-0.708177,-0.581976,-0.399736,0.339674
0.279193,0.28919,-0.915653,-0.521931,0.648488,-0.760048,-0.0423142,-0.198692,-0.708177,-0.581976,-0.399736,0.339674
0.279193,0.28919,-0.915653,-0.521931,0.648488,-0.760048,-0.0423142,-0.198692,-0.708177,-0.581976,-0.399736,0.339674
0.279193,0.28919,-0.915653,-0.521931,0.648488,-0.760048,-0.0423142,-0.198692,-0.708177,-0.581976,-0.399736,0.339674
0.279193,0.28919,-0.915653,-0.521931,0.648488,-0.760048,-0.0423142,-0.198692,-0.708177,-0.581976,-0.399736,0.339674
0.279193,0.28919,-0.915653,-0.521931,0.648488,-0.760048,-0.0423142,-0.198692,-0.708177,-0.581976,-0.399736,0.339674
0.279193,0.28919,-0.915653,-0.521931,0.648488,-0.760048,-0.0423142,-0.198692,-0.708177,-0.581976,-0.399736,0.339674
0.280432,0.293353,-0.913949,-0.520259,0.651137,-0.757717,-0.0434147,-0.199122,-0.705251,-0.582931,-0.403501,0.337915
0.280432,0.293353,-0.913949,-0.520259,0.651137,-0.757717,-0.0434147,-0.199122,-0.705251,-0.582931,-0.403501,0.337915
0.280432,0.293353,-0.913949,-0.520259,0.651137,-0.757717,-0.0434147,-0.199122,-0.705251,-0.582931,-0.403501,0.337915
0.280432,0.293353,-0.913949,-0.520259,0.651137,-0.757717,-0.0434147,-0.199122,-0.705251,-0.582931,-0.403501,0.337915
0.280432,0.293353,-0.913949,-0.520259,0.651137,-0.757717,-0.0434147,-0.199122,-0.705251,-0.582931,-0.403501,0.337915
0.280432,0.293353,-0.913949,-0.520259,0.651137,-0.757717,-0.0434147,-0.199122,-0.705251,-0.582931,-0.403501,0.337915
0.280432,0.293353,-0.913949,-0.520259,0.651137,-0.757717,-0.0434147,-0.199122,-0.705251,-0.582931,-0.403501,0.337915
0.280432,0.293353,-0.913949,-0.520259,0.651137,-0.757717,-0.0434147,-0.199122,-0.705251,-0.582931,-0.403501,0.337915
0.280432,0.293353,-0.913949,-0.520259,0.651137,-0.757717,-0.0434147,-0.199122,-0.705251,-0.582931,-0.403501,0.337915
0.280432,0.293353,-0.913949,-0.520259,0.651137,-0.757717,-0.0434147,-0.199122,-0.705251,-0.582931,-0.403501,0.337915
0.280432,0.293353,-0.913949,-0.520259,0.651137,-0.757717,-0.0434147,-0.199122,-0.705251,-0.582931,-0.403501,0.337915
0.280432,0.293353,-0.913949,-0.520259,0.651137,-0.757717,-0.0434147,-0.199122,-0.705251,-0.582931,-0.403501,0.337915
0.281557,0.297612,-0.912224,-0.518556,0.653826,-0.755328,-0.0446221,-0.199615,-0.702308,-0.583872,-0.407255,0.336158
0.281557,0.297612,-0.912224,-0.518556,0.653826,-0.755328,-0.0446221,-0.199615,-0.702308,-0.583872,-0.407255,0.336158
0.281557,0.297612,-0.912224,-0.518556,0.653826,-0.755328,-0.0446221,-0.199615,-0.702308,-0.583872,-0.407255,0.336158
0.281557,0.297612,-0.912224,-0.518556,0.653826,-0.755328,-0.0446221,-0.199615,-0.702308,-0.583872,-0.407255,0.336158
0.281557,0.297612,-0.912224,-0.518556,0.653826,-0.755328,-0.0446221,-0.199615,-0.702308,-0.583872,-0.407255,0.336158
0.281557,0.297612,-0.912224,-0.518556,0.653826,-0.755328,-0.0446221,-0.199615,-0.702308,-0.583872,-0.407255,0.336158
0.281557,0.297612,-0.912224,-0.518556,0.653826,-0.755328,-0.0446221,-0.199615,-0.702308,-0.583872,-0.407255,0.336158
0.281557,0.297612,-0.912224,-0.518556,0.653826,-0.755328,-0.0446221,-0.199615,-0.702308,-0.583872,-0.407255,0.336158
0.282446,0.301682,-0.910611,-0.516944,0.656366,-0.753046,-0.0458943,-0.200161,-0.699577,-0.584731,-0.410708,0.334547
0.282446,0.301682,-0.910611,-0.516944,0.656366,-0.753046,-0.0458943,-0.200161,-0.699577,-0.584731,-0.410708,0.334547
0.282446,0.301682,-0.910611,-0.516944,0.656366,-0.753046,-0.0458943,-0.200161,-0.699577,-0.584731,-0.410708,0.334547
0.282446,0.301682,-0.910611,-0.516944,0.656366,-0.753046,-0.0458943,-0.200161,-0.699577,-0.584731,-0.410708,0.334547
0.282446,0.301682,-0.910611,-0.516944,0.656366,-0.753046,-0.0458943,-0.200161,-0.699577,-0.584731,-0.410708,0.334547
0.282446,0.301682,-0.910611,-0.516944,0.656366,-0.753046,-0.0458943,-0.200161,-0.699577,-0.584731,-0.410708,0.334547
0.282446,0.301682,-0.910611,-0.516944,0.656366,-0.753046,-0.0458943,-0.200161,-0.699577,-0.584731,-0.410708,0.334547
0.282446,0.301682,-0.910611,-0.516944,0.656366,-0.753046,-0.0458943,-0.200161,-0.699577,-0.584731,-0.410708,0.334547
0.282446,0.301682,-0.910611,-0.516944,0.656366,-0.753046,-0.0458943,-0.200161,-0.699577,-0.584731,-0.410708,0.334547
0.282446,0.301682,-0.910611,-0.516944,0.656366,-0.753046,-0.0458943,-0.200161,-0.699577,-0.584731,-0.410708,0.334547
0.282446,0.301682,-0.910611,-0.516944,0.656366,-0.753046,-0.0458943,-0.200161,-0.699577,-0.584731,-0.410708,0.334547
0.282446,0.301682,-0.910611,-0.516944,0.656366,-0.753046,-0.0458943,-0.200161,-0.699577,-0.584731,-0.410708,0.334547
0.283273,0.305971,-0.908921,-0.515231,0.659031,-0.750628,-0.0472916,-0.200756,-0.696731,-0.585611,-0.414277,0.332892
0.283273,0.305971,-0.908921,-0.515231,0.659031,-0.750628,-0.0472916,-0.200756,-0.696731,-0.585611,-0.414277,0.332892
0.283273,0.305971,-0.908921,-0.515231,0.659031,-0.750628,-0.0472916,-0.200756,-0.696731,-0.585611,-0.414277,0.332892
0.283273,0.305971,-0.908921,-0.515231,0.659031,-0.750628,-0.0472916,-0.200756,-0.696731,-0.585611,-0.414277,0.332892
0.283273,0.305971,-0.908921,-0.515231,0.659031,-0.750628,-0.0472916,-0.200756,-0.696731,-0.585611,-0.414277,0.332892
0.283273,0.305971,-0.908921,-0.515231,0.659031,-0.750628,-0.0472916,-0.200756,-0.696731,-0.585611,-0.414277,0.332892
0.283273,0.305971,-0.908921,-0.515231,0.659031,-0.750628,-0.0472916,-0.200756,-0.696731,-0.585611,-0.414277,0.332892
0.283273,0.305971,-0.908921,-0.515231,0.659031,-0.750628,-0.0472916,-0.200756,-0.696731,-0.585611,-0.414277,0.332892
0.283895,0.310236,-0.90728,-0.513535,0.661639,-0.748232,-0.0488191,-0.201425,-0.694001,-0.586432,-0.417684,0.331322
0.283895,0.310236,-0.90728,-0.513535,0.661639,-0.748232,-0.0488191,-0.201425,-0.694001,-0.586432,-0.417684,0.331322
0.283895,0.310236,-0.90728,-0.513535,0.661639,-0.748232,-0.0488191,-0.201425,-0.694001,-0.586432,-0.417684,0.331322
0.283895,0.310236,-0.90728,-0.513535,0.661639,-0.748232,-0.0488191,-0.201425,-0.694001,-0.586432,-0.417684,0.331322
0.283895,0.310236,-0.90728,-0.513535,0.661639,-0.748232,-0.0488191,-0.201425,-0.694001,-0.586432,-0.417684,0.331322
0.283895,0.310236,-0.90728,-0.513535,0.661639,-0.748232,-0.0488191,-0.201425,-0.694001,-0.586432,-0.417684,0.331322
0.283895,0.310236,-0.90728,-0.513535,0.661639,-0.748232,-0.0488191,-0.201425,-0.694001,-0.586432,-0.417684,0.331322
0.283895,0.310236,-0.90728,-0.513535,0.661639,-0.748232,-0.0488191,-0.201425,-0.694001,-0.586432,-0.417684,0.331322
0.283895,0.310236,-0.90728,-0.513535,0.661639,-0.748232,-0.0488191,-0.201425,-0.694001,-0.586432,-0.417684,0.331322
0.283895,0.310236,-0.90728,-0.513535,0.661639,-0.748232,-0.0488191,-0.201425,-0.694001,-0.586432,-0.417684,0.331322
0.283895,0.310236,-0.90728,-0.513535,0.661639,-0.748232,-0.0488191,-0.201425,-0.694001,-0.586432,-0.417684,0.331322
0.283895,0.310236,-0.90728,-0.513535,0.661639,-0.748232,-0.0488191,-0.201425,-0.694001,-0.586432,-0.417684,0.331322
0.28444,0.314496,-0.905641,-0.511837,0.664242,-0.745818,-0.0503728,-0.202108,-0.691286,-0.587237,-0.421042,0.329772
0.28444,0.314496,-0.905641,-0.511837,0.664242,-0.745818,-0.0503728,-0.202108,-0.691286,-0.587237,-0.421042,0.329772
0.28444,0.314496,-0.905641,-0.511837,0.664242,-0.745818,-0.0503728,-0.202108,-0.691286,-0.587237,-0.421042,0.329772
0.28444,0.314496,-0.905641,-0.511837,0.664242,-0.745818,-0.0503728,-0.202108,-0.691286,-0.587237,-0.421042,0.329772
0.28444,0.314496,-0.905641,-0.511837,0.664242,-0.745818,-0.0503728,-0.202108,-0.691286,-0.587237,-0.421042,0.329772
0.28444,0.314496,-0.905641,-0.511837,0.664242,-0.745818,-0.0503728,-0.202108,-0.691286,-0.587237,-0.421042,0.329772
0.28444,0.314496,-0.905641,-0.511837,0.664242,-0.745818,-0.0503728,-0.202108,-0.691286,-0.587237,-0.421042,0.329772
0.28444,0.314496,-0.905641,-0.511837,0.664242,-0.745818,-0.0503728,-0.202108,-0.691286,-0.587237,-0.421042,0.329772
0.284948,0.318809,-0.903972,-0.510121,0.666881,-0.743351,-0.0519488,-0.202804,-0.68853,-0.58804,-0.424424,0.328217
0.284948,0.318809,-0.903972,-0.510121,0.666881,-0.743351,-0.0519488,-0.202804,-0.68853,-0.58804,-0.424424,0.328217
0.284948,0.318809,-0.903972,-0.510121,0.666881,-0.743351,-0.0519488,-0.202804,-0.68853,-0.58804,-0.424424,0.328217
0.284948,0.318809,-0.903972,-0.510121,0.666881,-0.743351,-0.0519488,-0.202804,-0.68853,-0.58804,-0.424424,0.328217
0.284948,0.318809,-0.903972,-0.510121,0.666881,-0.743351,-0.0519488,-0.202804,-0.68853,-0.58804,-0.424424,0.328217
0.284948,0.318809,-0.903972,-0.510121,0.666881,-0.743351,-0.0519488,-0.202804,-0.68853,-0.58804,-0.424424,0.328217
0.284948,0.318809,-0.903972,-0.510121,0.666881,-0.743351,-0.0519488,-0.202804,-0.68853,-0.58804,-0.424424,0.328217
0.284948,0.318809,-0.903972,-0.510121,0.666881,-0.743351,-0.0519488,-0.202804,-0.68853,-0.58804,-0.424424,0.328217
0.284948,0.318809,-0.903972,-0.510121,0.666881,-0.743351,-0.0519488,-0.202804,-0.68853,-0.58804,-0.424424,0.328217
0.284948,0.318809,-0.903972,-0.510121,0.666881,-0.743351,-0.0519488,-0.202804,-0.68853,-0.58804,-0.424424,0.328217
0.284948,0.318809,-0.903972,-0.510121,0.666881,-0.743351,-0.0519488,-0.202804,-0.68853,-0.58804,-0.424424,0.328217
0.284948,0.318809,-0.903972,-0.510121,0.666881,-0.743351,-0.0519488,-0.202804,-0.68853,-0.58804,-0.424424,0.328217
0.285088,0.322973,-0.902449,-0.508502,0.669353,-0.740998,-0.0537406,-0.203631,-0.68607,-0.588736,-0.427432,0.326834
0.285088,0.322973,-0.902449,-0.508502,0.669353,-0.740998,-0.0537406,-0.203631,-0.68607,-0.588736,-0.427432,0.326834
0.285088,0.322973,-0.902449,-0.508502,0.669353,-0.740998,-0.0537406,-0.203631,-0.68607,-0.588736,-0.427432,0.326834
0.285088,0.322973,-0.902449,-0.508502,0.669353,-0.740998,-0.0537406,-0.203631,-0.68607,-0.588736,-0.427432,0.326834
0.285088,0.322973,-0.902449,-0.508502,0.669353,-0.740998,-0.0537406,-0.203631,-0.68607,-0.588736,-0.427432,0.326834
0.285088,0.322973,-0.902449,-0.508502,0.669353,-0.740998,-0.0537406,-0.203631,-0.68607,-0.588736,-0.427432,0.326834
0.285088,0.322973,-0.902449,-0.508502,0.669353,-0.740998,-0.0537406,-0.203631,-0.68607,-0.588736,-0.427432,0.326834
0.285088,0.322973,-0.902449,-0.508502,0.669353,-0.740998,-0.0537406,-0.203631,-0.68607,-0.588736,-0.427432,0.326834
0.285407,0.32706,-0.900875,-0.506887,0.671836,-0.738631,-0.0553127,-0.204314,-0.683505,-0.589454,-0.430541,0.325412
0.285407,0.32706,-0.900875,-0.506887,0.671836,-0.738631,-0.0553127,-0.204314,-0.683505,-0.589454,-0.430541,0.325412
0.285407,0.32706,-0.900875,-0.506887,0.671836,-0.738631,-0.0553127,-0.204314,-0.683505,-0.589454,-0.430541,0.325412
0.285407,0.32706,-0.900875,-0.506887,0.671836,-0.738631,-0.0553127,-0.204314,-0.683505,-0.589454,-0.430541,0.325412
0.285407,0.32706,-0.900875,-0.506887,0.671836,-0.738631,-0.0553127,-0.204314,-0.683505,-0.589454,-0.430541,0.325412
0.285407,0.32706,-0.900875,-0.506887,0.671836,-0.738631,-0.0553127,-0.204314,-0.683505,-0.589454,-0.430541,0.325412
0.285407,0.32706,-0.900875,-0.506887,0.671836,-0.738631,-0.0553127,-0.204314,-0.683505,-0.589454,-0.430541,0.325412
0.285407,0.32706,-0.900875,-0.506887,0.671836,-0.738631,-0.0553127,-0.204314,-0.683505,-0.589454,-0.430541,0.325412
0.285407,0.32706,-0.900875,-0.506887,0.671836,-0.738631,-0.0553127,-0.204314,-0.683505,-0.589454,-0.430541,0.325412
0.285407,0.32706,-0.900875,-0.506887,0.671836,-0.738631,-0.0553127,-0.204314,-0.683505,-0.589454,-0.430541,0.325412
0.285407,0.32706,-0.900875,-0.506887,0.671836,-0.738631,-0.0553127,-0.204314,-0.683505,-0.589454,-0.430541,0.325412
0.285407,0.32706,-0.900875,-0.506887,0.671836,-0.738631,-0.0553127,-0.204314,-0.683505,-0.589454,-0.430541,0.325412
0.28532,0.331494,-0.89928,-0.505198,0.674431,-0.736106,-0.0573632,-0.205242,-0.680981,-0.590136,-0.433596,0.324028
0.28532,0.331494,-0.89928,-0.505198,0.674431,-0.736106,-0.0573632,-0.205242,-0.680981,-0.590136,-0.433596,0.324028
0.28532,0.331494,-0.89928,-0.505198,0.674431,-0.736106,-0.0573632,-0.205242,-0.680981,-0.590136,-0.433596,0.324028
0.28532,0.331494,-0.89928,-0.505198,0.674431,-0.736106,-0.0573632,-0.205242,-0.680981,-0.590136,-0.433596,0.324028
0.28532,0.331494,-0.89928,-0.505198,0.674431,-0.736106,-0.0573632,-0.205242,-0.680981,-0.590136,-0.433596,0.324028
0.28532,0.331494,-0.89928,-0.505198,0.674431,-0.736106,-0.0573632,-0.205242,-0.680981,-0.590136,-0.433596,0.324028
0.28532,0.331494,-0.89928,-0.505198,0.674431,-0.736106,-0.0573632,-0.205242,-0.680981,-0.590136,-0.433596,0.324028
0.28532,0.331494,-0.89928,-0.505198,0.674431,-0.736106,-0.0573632,-0.205242,-0.680981,-0.590136,-0.433596,0.324028
