-0.700435,0.0224921,0.713362,-0.519256,0.712782,0.0731573,0.69756,0.430583,-0.036498,0.997067,-0.0672739,0.608668
-0.700435,0.0224921,0.713362,-0.519256,0.712782,0.0731573,0.69756,0.430583,-0.036498,0.997067,-0.0672739,0.608668
-0.700435,0.0224921,0.713362,-0.519256,0.712782,0.0731573,0.69756,0.430583,-0.036498,0.997067,-0.0672739,0.608668
-0.700435,0.0224921,0.713362,-0.519256,0.712782,0.0731573,0.69756,0.430583,-0.036498,0.997067,-0.0672739,0.608668
-0.700435,0.0224921,0.713362,-0.519256,0.712782,0.0731573,0.69756,0.430583,-0.036498,0.997067,-0.0672739,0.608668
-0.700435,0.0224921,0.713362,-0.519256,0.712782,0.0731573,0.69756,0.430583,-0.036498,0.997067,-0.0672739,0.608668
-0.700435,0.0224921,0.713362,-0.519256,0.712782,0.0731573,0.69756,0.430583,-0.036498,0.997067,-0.0672739,0.608668
-0.700435,0.0224921,0.713362,-0.519256,0.712782,0.0731573,0.69756,0.430583,-0.036498,0.997067,-0.0672739,0.608668
-0.700435,0.0224921,0.713362,-0.519256,0.712782,0.0731573,0.69756,0.430583,-0.036498,0.997067,-0.0672739,0.608668
-0.700435,0.0224921,0.713362,-0.519256,0.712782,0.0731573,0.69756,0.430583,-0.036498,0.997067,-0.0672739,0.608668
-0.700435,0.0224921,0.713362,-0.519256,0.712782,0.0731573,0.69756,0.430583,-0.036498,0.997067,-0.0672739,0.608668
-0.700435,0.0224921,0.713362,-0.519256,0.712782,0.0731573,0.69756,0.430583,-0.036498,0.997067,-0.0672739,0.608668
-0.700435,0.0224921,0.713362,-0.519256,0.712782,0.0731573,0.69756,0.430583,-0.036498,0.997067,-0.0672739,0.608668
-0.700435,0.0224921,0.713362,-0.519256,0.712782,0.0731573,0.69756,0.430583,-0.036498,0.997067,-0.0672739,0.608668
-0.700435,0.0224921,0.713362,-0.519256,0.712782,0.0731573,0.69756,0.430583,-0.036498,0.997067,-0.0672739,0.608668
-0.700435,0.0224921,0.713362,-0.519256,0.712782,0.0731573,0.69756,0.430583,-0.036498,0.997067,-0.0672739,0.608668
-0.700435,0.0224921,0.713362,-0.519256,0.712782,0.0731573,0.69756,0.430583,-0.036498,0.997067,-0.0672739,0.608668
-0.700435,0.0224921,0.713362,-0.519256,0.712782,0.0731573,0.69756,0.430583,-0.036498,0.997067,-0.0672739,0.608668
-0.700435,0.0224921,0.713362,-0.519256,0.712782,0.0731573,0.69756,0.430583,-0.036498,0.997067,-0.0672739,0.608668
-0.700435,0.0224921,0.713362,-0.519256,0.712782,0.0731573,0.69756,0.430583,-0.036498,0.997067,-0.0672739,0.608668
-0.700435,0.0224921,0.713362,-0.519256,0.712782,0.0731573,0.69756,0.430583,-0.036498,0.997067,-0.0672739,0.608668
-0.700435,0.0224921,0.713362,-0.519256,0.712782,0.0731573,0.69756,0.430583,-0.036498,0.997067,-0.0672739,0.608668
-0.700435,0.0224921,0.713362,-0.519256,0.712782,0.0731573,0.69756,0.430583,-0.036498,0.997067,-0.0672739,0.608668
-0.700435,0.0224921,0.713362,-0.519256,0.712782,0.0731573,0.69756,0.430583,-0.036498,0.997067,-0.0672739,0.608668
-0.700435,0.0224921,0.713362,-0.519256,0.712782,0.0731573,0.69756,0.430583,-0.036498,0.997067,-0.0672739,0.608668
-0.700435,0.0224921,0.713362,-0.519256,0.712782,0.0731573,0.69756,0.430583,-0.036498,0.997067,-0.0672739,0.608668
-0.700435,0.0224921,0.713362,-0.519256,0.712782,0.0731573,0.69756,0.430583,-0.036498,0.997067,-0.0672739,0.608668
-0.700435,0.0224921,0.713362,-0.519256,0.712782,0.0731573,0.69756,0.430583,-0.036498,0.997067,-0.0672739,0.608668
-0.700435,0.0224921,0.713362,-0.519256,0.712782,0.0731573,0.69756,0.430583,-0.036498,0.997067,-0.0672739,0.608668
-0.700435,0.0224921,0.713362,-0.519256,0.712782,0.0731573,0.69756,0.430583,-0.036498,0.997067,-0.0672739,0.608668
-0.700436,0.0224919,0.71336,-0.519257,0.712781,0.0731573,0.697561,0.430582,-0.036498,0.997067,-0.0672739,0.608668
-0.700436,0.0224919,0.71336,-0.519257,0.712781,0.0731573,0.697561,0.430582,-0.036498,0.997067,-0.0672739,0.608668
-0.700436,0.0224919,0.71336,-0.519257,0.712781,0.0731573,0.697561,0.430582,-0.036498,0.997067,-0.0672739,0.608668
-0.700436,0.0224919,0.71336,-0.519257,0.712781,0.0731573,0.697561,0.430582,-0.036498,0.997067,-0.0672739,0.608668
-0.700436,0.0224919,0.71336,-0.519257,0.712781,0.0731573,0.697561,0.430582,-0.036498,0.997067,-0.0672739,0.608668
-0.700436,0.0224919,0.71336,-0.519257,0.712781,0.0731573,0.697561,0.430582,-0.036498,0.997067,-0.0672739,0.608668
-0.700436,0.0224919,0.71336,-0.519257,0.712781,0.0731573,0.697561,0.430582,-0.036498,0.997067,-0.0672739,0.608668
-0.700436,0.0224919,0.71336,-0.519257,0.712781,0.0731573,0.697561,0.430582,-0.036498,0.997067,-0.0672739,0.608668
-0.700436,0.0224919,0.71336,-0.519257,0.712781,0.0731573,0.697561,0.430582,-0.036498,0.997067,-0.0672739,0.608668
-0.700436,0.0224919,0.71336,-0.519257,0.712781,0.0731573,0.697561,0.430582,-0.036498,0.997067,-0.0672739,0.608668
-0.700436,0.0224919,0.71336,-0.519257,0.712781,0.0731573,0.697561,0.430582,-0.036498,0.997067,-0.0672739,0.608668
-0.700436,0.0224919,0.71336,-0.519257,0.712781,0.0731573,0.697561,0.430582,-0.036498,0.997067,-0.0672739,0.608668
-0.700436,0.0224919,0.71336,-0.519257,0.712781,0.0731573,0.697561,0.430582,-0.036498,0.997067,-0.0672739,0.608668
-0.700436,0.0224919,0.71336,-0.519257,0.712781,0.0731573,0.697561,0.430582,-0.036498,0.997067,-0.0672739,0.608668
-0.700436,0.0224919,0.71336,-0.519257,0.712781,0.0731573,0.697561,0.430582,-0.036498,0.997067,-0.0672739,0.608668
-0.700436,0.0224919,0.71336,-0.519257,0.712781,0.0731573,0.697561,0.430582,-0.036498,0.997067,-0.0672739,0.608668
-0.700436,0.0224919,0.71336,-0.519257,0.712781,0.0731573,0.697561,0.430582,-0.036498,0.997067,-0.0672739,0.608668
-0.700436,0.0224919,0.71336,-0.519257,0.712781,0.0731573,0.697561,0.430582,-0.036498,0.997067,-0.0672739,0.608668
-0.700436,0.0224919,0.71336,-0.519257,0.712781,0.0731573,0.697561,0.430582,-0.036498,0.997067,-0.0672739,0.608668
-0.700436,0.0224919,0.71336,-0.519257,0.712781,0.0731573,0.697561,0.430582,-0.036498,0.997067,-0.0672739,0.608668
-0.700436,0.0224919,0.71336,-0.519257,0.712781,0.0731573,0.697561,0.430582,-0.036498,0.997067,-0.0672739,0.608668
-0.700436,0.0224919,0.71336,-0.519257,0.712781,0.0731573,0.697561,0.430582,-0.036498,0.997067,-0.0672739,0.608668
-0.700436,0.0224919,0.71336,-0.519257,0.712781,0.0731573,0.697561,0.430582,-0.036498,0.997067,-0.0672739,0.608668
-0.700436,0.0224919,0.71336,-0.519257,0.712781,0.0731573,0.697561,0.430582,-0.036498,0.997067,-0.0672739,0.608668
-0.700436,0.0224919,0.71336,-0.519257,0.712781,0.0731573,0.697561,0.430582,-0.036498,0.997067,-0.0672739,0.608668
-0.700439,0.0224917,0.713358,-0.519259,0.712779,0.0731574,0.697563,0.43058,-0.036498,0.997067,-0.0672739,0.608668
-0.700439,0.0224917,0.713358,-0.519259,0.712779,0.0731574,0.697563,0.43058,-0.036498,0.997067,-0.0672739,0.608668
-0.700439,0.0224917,0.713358,-0.519259,0.712779,0.0731574,0.697563,0.43058,-0.036498,0.997067,-0.0672739,0.608668
-0.700439,0.0224917,0.713358,-0.519259,0.712779,0.0731574,0.697563,0.43058,-0.036498,0.997067,-0.0672739,0.608668
-0.700439,0.0224917,0.713358,-0.519259,0.712779,0.0731574,0.697563,0.43058,-0.036498,0.997067,-0.0672739,0.608668
-0.700439,0.0224917,0.713358,-0.519259,0.712779,0.0731574,0.697563,0.43058,-0.036498,0.997067,-0.0672739,0.608668
-0.700439,0.0224917,0.713358,-0.519259,0.712779,0.0731574,0.697563,0.43058,-0.036498,0.997067,-0.0672739,0.608668
-0.700439,0.0224917,0.713358,-0.519259,0.712779,0.0731574,0.697563,0.43058,-0.036498,0.997067,-0.0672739,0.608668
-0.700439,0.0224917,0.713358,-0.519259,0.712779,0.0731574,0.697563,0.43058,-0.036498,0.997067,-0.0672739,0.608668
-0.700439,0.0224917,0.713358,-0.519259,0.712779,0.0731574,0.697563,0.43058,-0.036498,0.997067,-0.0672739,0.608668
-0.700439,0.0224917,0.713358,-0.519259,0.712779,0.0731574,0.697563,0.43058,-0.036498,0.997067,-0.0672739,0.608668
-0.700439,0.0224917,0.713358,-0.519259,0.712779,0.0731574,0.697563,0.43058,-0.036498,0.997067,-0.0672739,0.608668
-0.70044,0.0224916,0.713357,-0.519259,0.712777,0.0731574,0.697565,0.430579,-0.036498,0.997067,-0.0672739,0.608668
-0.70044,0.0224916,0.713357,-0.519259,0.712777,0.0731574,0.697565,0.430579,-0.036498,0.997067,-0.0672739,0.608668
-0.70044,0.0224916,0.713357,-0.519259,0.712777,0.0731574,0.697565,0.430579,-0.036498,0.997067,-0.0672739,0.608668
-0.70044,0.0224916,0.713357,-0.519259,0.712777,0.0731574,0.697565,0.430579,-0.036498,0.997067,-0.0672739,0.608668
-0.70044,0.0224916,0.713357,-0.519259,0.712777,0.0731574,0.697565,0.430579,-0.036498,0.997067,-0.0672739,0.608668
-0.70044,0.0224916,0.713357,-0.519259,0.712777,0.0731574,0.697565,0.430579,-0.036498,0.997067,-0.0672739,0.608668
-0.70044,0.0224916,0.713357,-0.519259,0.712777,0.0731574,0.697565,0.430579,-0.036498,0.997067,-0.0672739,0.608668
-0.70044,0.0224916,0.713357,-0.519259,0.712777,0.0731574,0.697565,0.430579,-0.036498,0.997067,-0.0672739,0.608668
-0.700441,0.0224914,0.713355,-0.51926,0.712776,0.0731575,0.697566,0.430578,-0.036498,0.997067,-0.0672739,0.608668
-0.700441,0.0224914,0.713355,-0.51926,0.712776,0.0731575,0.697566,0.430578,-0.036498,0.997067,-0.0672739,0.608668
-0.700441,0.0224914,0.713355,-0.51926,0.712776,0.0731575,0.697566,0.430578,-0.036498,0.997067,-0.0672739,0.608668
-0.700441,0.0224914,0.713355,-0.51926,0.712776,0.0731575,0.697566,0.430578,-0.036498,0.997067,-0.0672739,0.608668
-0.700441,0.0224914,0.713355,-0.51926,0.712776,0.0731575,0.697566,0.430578,-0.036498,0.997067,-0.0672739,0.608668
-0.700443,0.0224913,0.713354,-0.519261,0.712775,0.0731575,0.697567,0.430577,-0.036498,0.997067,-0.0672739,0.608668
-0.700443,0.0224913,0.713354,-0.519261,0.712775,0.0731575,0.697567,0.430577,-0.036498,0.997067,-0.0672739,0.608668
-0.700443,0.0224913,0.713354,-0.519261,0.712775,0.0731575,0.697567,0.430577,-0.036498,0.997067,-0.0672739,0.608668
-0.700443,0.0224913,0.713354,-0.519261,0.712775,0.0731575,0.697567,0.430577,-0.036498,0.997067,-0.0672739,0.608668
-0.700443,0.0224913,0.713354,-0.519261,0.712775,0.0731575,0.697567,0.430577,-0.036498,0.997067,-0.0672739,0.608668
-0.700444,0.0224912,0.713353,-0.519262,0.712774,0.0731575,0.697568,0.430577,-0.036498,0.997067,-0.0672739,0.608668
-0.700444,0.0224912,0.713353,-0.519262,0.712774,0.0731575,0.697568,0.430577,-0.036498,0.997067,-0.0672739,0.608668
-0.700445,0.022491,0.713352,-0.519262,0.712772,0.0731576,0.69757,0.430576,-0.036498,0.997067,-0.0672739,0.608668
-0.700445,0.022491,0.713352,-0.519262,0.712772,0.0731576,0.69757,0.430576,-0.036498,0.997067,-0.0672739,0.608668
-0.700445,0.022491,0.713352,-0.519262,0.712772,0.0731576,0.69757,0.430576,-0.036498,0.997067,-0.0672739,0.608668
-0.700446,0.0224909,0.713351,-0.519263,0.712771,0.0731576,0.697571,0.430575,-0.036498,0.997067,-0.0672739,0.608668
-0.700446,0.0224909,0.713351,-0.519263,0.712771,0.0731576,0.697571,0.430575,-0.036498,0.997067,-0.0672739,0.608668
-0.700449,0.0224907,0.713348,-0.519265,0.712769,0.0731577,0.697573,0.430573,-0.036498,0.997067,-0.0672739,0.608668
-0.700448,0.0224783,0.713349,-0.519265,0.712768,0.0731699,0.697573,0.430573,-0.0365155,0.997066,-0.0672735,0.608661
-0.700448,0.0224783,0.713349,-0.519265,0.712768,0.0731699,0.697573,0.430573,-0.0365155,0.997066,-0.0672735,0.608661
-0.700456,0.0224768,0.713342,-0.519266,0.71276,0.0731838,0.697579,0.430573,-0.0365257,0.997065,-0.0672826,0.60866
-0.700456,0.0224768,0.713342,-0.519266,0.71276,0.0731838,0.697579,0.430573,-0.0365257,0.997065,-0.0672826,0.60866
-0.700457,0.0224643,0.713341,-0.519271,0.712759,0.0731961,0.69758,0.430576,-0.0365431,0.997065,-0.0672823,0.608648
-0.700457,0.0224643,0.713341,-0.519271,0.712759,0.0731961,0.69758,0.430576,-0.0365431,0.997065,-0.0672823,0.608648
-0.700457,0.0224643,0.713341,-0.519271,0.712759,0.0731961,0.69758,0.430576,-0.0365431,0.997065,-0.0672823,0.608648
-0.700458,0.0224642,0.71334,-0.519271,0.712757,0.0731961,0.697581,0.430575,-0.0365431,0.997065,-0.0672823,0.608648
-0.700458,0.0224642,0.71334,-0.519271,0.712757,0.0731961,0.697581,0.430575,-0.0365431,0.997065,-0.0672823,0.608648
-0.700458,0.0224642,0.71334,-0.519271,0.712757,0.0731961,0.697581,0.430575,-0.0365431,0.997065,-0.0672823,0.608648
-0.700458,0.0224518,0.713341,-0.519272,0.712757,0.0732083,0.69758,0.430575,-0.0365606,0.997064,-0.067282,0.608641
-0.700458,0.0224518,0.713341,-0.519272,0.712757,0.0732083,0.69758,0.430575,-0.0365606,0.997064,-0.067282,0.608641
-0.700458,0.0224518,0.713341,-0.519272,0.712757,0.0732083,0.69758,0.430575,-0.0365606,0.997064,-0.067282,0.608641
-0.700458,0.0224518,0.713341,-0.519272,0.712757,0.0732083,0.69758,0.430575,-0.0365606,0.997064,-0.067282,0.608641
-0.700459,0.0224516,0.71334,-0.519273,0.712756,0.0732084,0.697581,0.430574,-0.0365606,0.997064,-0.067282,0.608641
-0.700458,0.0224392,0.71334,-0.519273,0.712755,0.0732206,0.697581,0.430575,-0.036578,0.997063,-0.0672817,0.608635
-0.700458,0.0224392,0.71334,-0.519273,0.712755,0.0732206,0.697581,0.430575,-0.036578,0.997063,-0.0672817,0.608635
-0.700458,0.0224268,0.713341,-0.519274,0.712755,0.0732328,0.69758,0.430575,-0.0365955,0.997063,-0.0672813,0.608628
-0.700458,0.0224268,0.713341,-0.519274,0.712755,0.0732328,0.69758,0.430575,-0.0365955,0.997063,-0.0672813,0.608628
-0.700458,0.0224268,0.713341,-0.519274,0.712755,0.0732328,0.69758,0.430575,-0.0365955,0.997063,-0.0672813,0.608628
-0.700457,0.0224145,0.713343,-0.519274,0.712754,0.0732694,0.697577,0.430576,-0.0366303,0.99706,-0.0672981,0.608614
-0.700457,0.0224145,0.713343,-0.519274,0.712754,0.0732694,0.697577,0.430576,-0.0366303,0.99706,-0.0672981,0.608614
-0.700457,0.0223647,0.713344,-0.51928,0.712751,0.0732939,0.697577,0.43058,-0.0366827,0.99706,-0.0672797,0.608589
-0.700457,0.0223647,0.713344,-0.51928,0.712751,0.0732939,0.697577,0.43058,-0.0366827,0.99706,-0.0672797,0.608589
-0.700459,0.0223645,0.713342,-0.519282,0.712749,0.073294,0.697579,0.430579,-0.0366827,0.99706,-0.0672797,0.608589
-0.700458,0.0223397,0.713343,-0.519283,0.712748,0.0733184,0.697578,0.430579,-0.0367175,0.997058,-0.0672791,0.608575
-0.700458,0.0223397,0.713343,-0.519283,0.712748,0.0733184,0.697578,0.430579,-0.0367175,0.997058,-0.0672791,0.608575
-0.70046,0.0223022,0.713343,-0.51929,0.712743,0.0733796,0.697577,0.430582,-0.0367873,0.997055,-0.0672952,0.608543
-0.70046,0.0223022,0.713343,-0.51929,0.712743,0.0733796,0.697577,0.430582,-0.0367873,0.997055,-0.0672952,0.608543
-0.700464,0.0223018,0.713339,-0.519293,0.712739,0.0733797,0.697581,0.430579,-0.0367873,0.997055,-0.0672952,0.608543
-0.700463,0.0222646,0.713342,-0.519294,0.712738,0.0734163,0.697578,0.430581,-0.0368396,0.997053,-0.0672942,0.608523
-0.700463,0.0222646,0.713342,-0.519294,0.712738,0.0734163,0.697578,0.430581,-0.0368396,0.997053,-0.0672942,0.608523
-0.700464,0.0222271,0.713342,-0.519297,0.712734,0.073453,0.697578,0.43058,-0.0368919,0.997051,-0.0672932,0.608503
-0.700464,0.0222271,0.713342,-0.519297,0.712734,0.073453,0.697578,0.43058,-0.0368919,0.997051,-0.0672932,0.608503
-0.700468,0.0222268,0.713338,-0.519299,0.71273,0.0734531,0.697582,0.430578,-0.0368919,0.997051,-0.0672932,0.608503
-0.700465,0.0221648,0.713342,-0.519301,0.712728,0.0735142,0.697578,0.43058,-0.0369791,0.997048,-0.0672916,0.608469
-0.700465,0.0221648,0.713342,-0.519301,0.712728,0.0735142,0.697578,0.43058,-0.0369791,0.997048,-0.0672916,0.608469
-0.700465,0.0220778,0.713346,-0.519306,0.712722,0.0735998,0.697575,0.430581,-0.0371012,0.997043,-0.0672893,0.608421
-0.700465,0.0220778,0.713346,-0.519306,0.712722,0.0735998,0.697575,0.430581,-0.0371012,0.997043,-0.0672893,0.608421
-0.700467,0.0220775,0.713343,-0.519308,0.71272,0.0735999,0.697577,0.430579,-0.0371012,0.997043,-0.0672893,0.608421
-0.700462,0.0219287,0.713353,-0.519313,0.712714,0.0737464,0.697567,0.430585,-0.0373105,0.997036,-0.0672855,0.60834
-0.700462,0.0219287,0.713353,-0.519313,0.712714,0.0737464,0.697567,0.430585,-0.0373105,0.997036,-0.0672855,0.60834
-0.700459,0.0217548,0.713361,-0.519322,0.712704,0.0739175,0.697559,0.430588,-0.0375546,0.997027,-0.0672809,0.608245
-0.700459,0.0217548,0.713361,-0.519322,0.712704,0.0739175,0.697559,0.430588,-0.0375546,0.997027,-0.0672809,0.608245
-0.70046,0.0217547,0.71336,-0.519322,0.712703,0.0739175,0.697561,0.430587,-0.0375546,0.997027,-0.0672809,0.608245
-0.700452,0.0215564,0.713373,-0.51933,0.712696,0.0741129,0.697547,0.430594,-0.0378336,0.997017,-0.0672757,0.608136
-0.700452,0.0215564,0.713373,-0.51933,0.712696,0.0741129,0.697547,0.430594,-0.0378336,0.997017,-0.0672757,0.608136
-0.700446,0.021333,0.713386,-0.519343,0.712685,0.0743328,0.697535,0.430604,-0.0381475,0.997005,-0.0672699,0.608009
-0.700446,0.021333,0.713386,-0.519343,0.712685,0.0743328,0.697535,0.430604,-0.0381475,0.997005,-0.0672699,0.608009
-0.700451,0.0213325,0.713381,-0.519346,0.71268,0.074333,0.69754,0.4306,-0.0381475,0.997005,-0.0672699,0.608009
-0.700442,0.0210845,0.713398,-0.519355,0.71267,0.0745772,0.697524,0.430609,-0.0384963,0.996992,-0.0672634,0.607873
-0.700442,0.0210845,0.713398,-0.519355,0.71267,0.0745772,0.697524,0.430609,-0.0384963,0.996992,-0.0672634,0.607873
-0.700435,0.0208114,0.713413,-0.519367,0.712656,0.074846,0.697509,0.430616,-0.0388799,0.996978,-0.0672562,0.607724
-0.700435,0.0208114,0.713413,-0.519367,0.712656,0.074846,0.697509,0.430616,-0.0388799,0.996978,-0.0672562,0.607724
-0.70044,0.020786,0.713408,-0.519379,0.712649,0.0748706,0.697514,0.43062,-0.0389148,0.996977,-0.0672555,0.6077
-0.700431,0.0205505,0.713424,-0.519387,0.71264,0.0751026,0.697498,0.430628,-0.0392461,0.996964,-0.0672493,0.607571
-0.700431,0.0205505,0.713424,-0.519387,0.71264,0.0751026,0.697498,0.430628,-0.0392461,0.996964,-0.0672493,0.607571
-0.700419,0.0201534,0.713447,-0.519415,0.712621,0.0754935,0.697475,0.43065,-0.0398041,0.996943,-0.0672389,0.607339
-0.700419,0.0201534,0.713447,-0.519415,0.712621,0.0754935,0.697475,0.43065,-0.0398041,0.996943,-0.0672389,0.607339
-0.700426,0.0201279,0.713442,-0.519427,0.712613,0.0755182,0.697481,0.430653,-0.039839,0.996941,-0.0672382,0.607316
-0.700411,0.019756,0.713467,-0.51944,0.712598,0.0758845,0.697457,0.430666,-0.0403621,0.996921,-0.0672284,0.607112
-0.700411,0.019756,0.713467,-0.51944,0.712598,0.0758845,0.697457,0.430666,-0.0403621,0.996921,-0.0672284,0.607112
-0.700394,0.0192225,0.713498,-0.51947,0.712572,0.0764097,0.697426,0.430688,-0.0411119,0.996891,-0.0672143,0.60681
-0.700394,0.0192225,0.713498,-0.51947,0.712572,0.0764097,0.697426,0.430688,-0.0411119,0.996891,-0.0672143,0.60681
-0.7004,0.0191969,0.713492,-0.519482,0.712563,0.0764343,0.697432,0.43069,-0.0411467,0.99689,-0.0672136,0.606786
-0.700376,0.0186144,0.713531,-0.519503,0.712539,0.0770082,0.697393,0.43071,-0.0419662,0.996857,-0.0671981,0.606467
-0.700376,0.0186144,0.713531,-0.519503,0.712539,0.0770082,0.697393,0.43071,-0.0419662,0.996857,-0.0671981,0.606467
-0.700361,0.0179555,0.713563,-0.519533,0.712499,0.0776693,0.697361,0.430732,-0.0429005,0.996817,-0.0671898,0.606101
-0.700361,0.0179555,0.713563,-0.519533,0.712499,0.0776693,0.697361,0.430732,-0.0429005,0.996817,-0.0671898,0.606101
-0.700365,0.0179425,0.713559,-0.51954,0.712493,0.0776817,0.697366,0.430732,-0.042918,0.996817,-0.0671894,0.60609
-0.700333,0.0172237,0.713608,-0.519565,0.712462,0.0784142,0.697316,0.430757,-0.0439466,0.996772,-0.0671873,0.605689
-0.700333,0.0172237,0.713608,-0.519565,0.712462,0.0784142,0.697316,0.430757,-0.0439466,0.996772,-0.0671873,0.605689
-0.700299,0.016393,0.713661,-0.519597,0.712424,0.0792078,0.697265,0.430786,-0.0450972,0.996723,-0.0671479,0.605235
-0.700299,0.016393,0.713661,-0.519597,0.712424,0.0792078,0.697265,0.430786,-0.0450972,0.996723,-0.0671479,0.605235
-0.700304,0.0163925,0.713656,-0.5196,0.712419,0.0792079,0.69727,0.430782,-0.0450972,0.996723,-0.0671479,0.605235
-0.700263,0.0155002,0.713717,-0.51963,0.712378,0.0800869,0.697211,0.430811,-0.0463524,0.996667,-0.0671239,0.604746
-0.700263,0.0155002,0.713717,-0.51963,0.712378,0.0800869,0.697211,0.430811,-0.0463524,0.996667,-0.0671239,0.604746
-0.700227,0.0145574,0.713771,-0.519669,0.712326,0.0810148,0.697157,0.430839,-0.0476772,0.996607,-0.0670984,0.604225
-0.700227,0.0145574,0.713771,-0.519669,0.712326,0.0810148,0.697157,0.430839,-0.0476772,0.996607,-0.0670984,0.604225
-0.700237,0.0145688,0.713762,-0.519671,0.712318,0.0810027,0.697167,0.430828,-0.0476598,0.996607,-0.0670987,0.604237
-0.700177,0.0133421,0.713845,-0.51971,0.712259,0.0822111,0.697085,0.430867,-0.0493854,0.996526,-0.0670653,0.603564
-0.700177,0.0133421,0.713845,-0.51971,0.712259,0.0822111,0.697085,0.430867,-0.0493854,0.996526,-0.0670653,0.603564
-0.700119,0.0119405,0.713927,-0.519761,0.712177,0.0835904,0.697005,0.430901,-0.0513549,0.996429,-0.067027,0.602796
-0.700119,0.0119405,0.713927,-0.519761,0.712177,0.0835904,0.697005,0.430901,-0.0513549,0.996429,-0.067027,0.602796
-0.700135,0.0119386,0.713911,-0.519771,0.712161,0.0835907,0.697021,0.430889,-0.0513549,0.996429,-0.067027,0.602796
-0.700052,0.0103651,0.714017,-0.519819,0.71208,0.0851405,0.696917,0.430937,-0.0535681,0.996315,-0.0669836,0.601932
-0.700052,0.0103651,0.714017,-0.519819,0.71208,0.0851405,0.696917,0.430937,-0.0535681,0.996315,-0.0669836,0.601932
-0.699977,0.00864022,0.714113,-0.519878,0.711966,0.0868505,0.696822,0.430977,-0.0560004,0.996184,-0.0669449,0.600986
-0.699977,0.00864022,0.714113,-0.519878,0.711966,0.0868505,0.696822,0.430977,-0.0560004,0.996184,-0.0669449,0.600986
-0.699993,0.00863825,0.714097,-0.519888,0.71195,0.0868507,0.696838,0.430965,-0.0560004,0.996184,-0.0669449,0.600986
-0.6999,0.00701557,0.714206,-0.519935,0.711859,0.0884488,0.696731,0.431011,-0.0582827,0.996056,-0.0668995,0.600095
-0.6999,0.00701557,0.714206,-0.519935,0.711859,0.0884488,0.696731,0.431011,-0.0582827,0.996056,-0.0668995,0.600095
-0.699801,0.00511891,0.71432,-0.519995,0.711734,0.0903152,0.696619,0.431053,-0.060948,0.9959,-0.0668459,0.599055
-0.699801,0.00511891,0.71432,-0.519995,0.711734,0.0903152,0.696619,0.431053,-0.060948,0.9959,-0.0668459,0.599055
-0.699818,0.0051167,0.714303,-0.520006,0.711716,0.0903153,0.696637,0.43104,-0.060948,0.9959,-0.0668459,0.599055
-0.6997,0.00323438,0.714429,-0.520056,0.7116,0.0921689,0.696512,0.43109,-0.0635954,0.995738,-0.0667922,0.598021
-0.6997,0.00323438,0.714429,-0.520056,0.7116,0.0921689,0.696512,0.43109,-0.0635954,0.995738,-0.0667922,0.598021
-0.699585,0.0011391,0.714549,-0.520122,0.711445,0.0942296,0.696396,0.431127,-0.0665384,0.99555,-0.066732,0.596871
-0.699585,0.0011391,0.714549,-0.520122,0.711445,0.0942296,0.696396,0.431127,-0.0665384,0.99555,-0.066732,0.596871
-0.699609,0.00112343,0.714525,-0.520142,0.71142,0.0942418,0.69642,0.431113,-0.0665558,0.995549,-0.0667316,0.596859
-0.699473,-0.000882026,0.714659,-0.520191,0.711286,0.096192,0.69629,0.43116,-0.0693586,0.995362,-0.0666563,0.595763
-0.699473,-0.000882026,0.714659,-0.520191,0.711286,0.096192,0.69629,0.43116,-0.0693586,0.995362,-0.0666563,0.595763
-0.699363,-0.00272921,0.714762,-0.520254,0.711136,0.0980079,0.69619,0.431194,-0.0719523,0.995182,-0.0666022,0.594738
-0.699363,-0.00272921,0.714762,-0.520254,0.711136,0.0980079,0.69619,0.431194,-0.0719523,0.995182,-0.0666022,0.594738
-0.699379,-0.00278146,0.714745,-0.520282,0.711113,0.0980566,0.696206,0.431195,-0.0720219,0.995177,-0.0666008,0.594691
-0.699222,-0.0049101,0.714888,-0.52033,0.710958,0.100152,0.696066,0.431242,-0.0750154,0.99496,-0.0665378,0.59352
-0.699222,-0.0049101,0.714888,-0.52033,0.710958,0.100152,0.696066,0.431242,-0.0750154,0.99496,-0.0665378,0.59352
-0.699082,-0.00711716,0.715006,-0.520398,0.710761,0.102334,0.69595,0.431278,-0.0781228,0.994725,-0.0664814,0.592298
-0.699082,-0.00711716,0.715006,-0.520398,0.710761,0.102334,0.69595,0.431278,-0.0781228,0.994725,-0.0664814,0.592298
-0.699104,-0.00714529,0.714985,-0.52042,0.710736,0.102358,0.695972,0.431268,-0.0781576,0.994722,-0.0664807,0.592274
-0.698923,-0.00939678,0.715135,-0.520465,0.710558,0.104575,0.695824,0.431312,-0.0813236,0.994473,-0.0664127,0.591035
-0.698923,-0.00939678,0.715135,-0.520465,0.710558,0.104575,0.695824,0.431312,-0.0813236,0.994473,-0.0664127,0.591035
-0.698771,-0.0115152,0.715253,-0.520518,0.710362,0.106656,0.695709,0.431334,-0.0842974,0.994229,-0.0663483,0.58987
-0.698771,-0.0115152,0.715253,-0.520518,0.710362,0.106656,0.695709,0.431334,-0.0842974,0.994229,-0.0663483,0.58987
-0.698789,-0.011518,0.715235,-0.52053,0.710343,0.106656,0.695728,0.43132,-0.0842974,0.994229,-0.0663483,0.58987
-0.698789,-0.011518,0.715235,-0.52053,0.710343,0.106656,0.695728,0.43132,-0.0842974,0.994229,-0.0663483,0.58987
-0.698789,-0.011518,0.715235,-0.52053,0.710343,0.106656,0.695728,0.43132,-0.0842974,0.994229,-0.0663483,0.58987
-0.698373,-0.0164915,0.715544,-0.520626,0.709889,0.111547,0.695424,0.431386,-0.0912856,0.993622,-0.0661944,0.587131
-0.698373,-0.0164915,0.715544,-0.520626,0.709889,0.111547,0.695424,0.431386,-0.0912856,0.993622,-0.0661944,0.587131
-0.698395,-0.016495,0.715523,-0.52064,0.709867,0.111547,0.695446,0.431369,-0.0912856,0.993622,-0.0661944,0.587131
-0.698179,-0.018806,0.715677,-0.520673,0.709655,0.113821,0.695295,0.431403,-0.0945349,0.993323,-0.0661218,0.585857
-0.698179,-0.018806,0.715677,-0.520673,0.709655,0.113821,0.695295,0.431403,-0.0945349,0.993323,-0.0661218,0.585857
-0.697955,-0.0213925,0.715822,-0.520724,0.709381,0.116362,0.695153,0.431416,-0.0981652,0.992977,-0.0660397,0.584433
-0.697955,-0.0213925,0.715822,-0.520724,0.709381,0.116362,0.695153,0.431416,-0.0981652,0.992977,-0.0660397,0.584433
-0.698004,-0.0214004,0.715774,-0.520754,0.709334,0.11636,0.695202,0.431381,-0.0981652,0.992977,-0.0660397,0.584433
-0.69774,-0.0240189,0.715948,-0.520785,0.709074,0.118936,0.695031,0.431412,-0.101846,0.992611,-0.0659556,0.582988
-0.69774,-0.0240189,0.715948,-0.520785,0.709074,0.118936,0.695031,0.431412,-0.101846,0.992611,-0.0659556,0.582988
-0.6975,-0.0267553,0.716085,-0.520841,0.708749,0.12162,0.694899,0.431406,-0.105682,0.992216,-0.0658669,0.581481
-0.6975,-0.0267553,0.716085,-0.520841,0.708749,0.12162,0.694899,0.431406,-0.105682,0.992216,-0.0658669,0.581481
-0.697555,-0.0267646,0.716031,-0.520874,0.708695,0.121617,0.694954,0.431366,-0.105682,0.992216,-0.0658669,0.581481
-0.697264,-0.0294431,0.716209,-0.520898,0.708409,0.124252,0.694779,0.431389,-0.109447,0.991814,-0.0657789,0.580002
-0.697264,-0.0294431,0.716209,-0.520898,0.708409,0.124252,0.694779,0.431389,-0.109447,0.991814,-0.0657789,0.580002
-0.697014,-0.0321798,0.716335,-0.520952,0.708053,0.126932,0.694657,0.431368,-0.11328,0.991389,-0.0656883,0.578495
-0.697014,-0.0321798,0.716335,-0.520952,0.708053,0.126932,0.694657,0.431368,-0.11328,0.991389,-0.0656883,0.578495
-0.697058,-0.0321877,0.716292,-0.520979,0.708009,0.12693,0.694702,0.431335,-0.11328,0.991389,-0.0656883,0.578495
-0.69675,-0.0348396,0.716467,-0.520995,0.707707,0.129538,0.69453,0.431351,-0.117007,0.990962,-0.0655992,0.57703
-0.69675,-0.0348396,0.716467,-0.520995,0.707707,0.129538,0.69453,0.431351,-0.117007,0.990962,-0.0655992,0.57703
-0.696506,-0.0372142,0.716585,-0.521037,0.707389,0.131864,0.694416,0.431339,-0.120334,0.990569,-0.0655188,0.575711
-0.696506,-0.0372142,0.716585,-0.521037,0.707389,0.131864,0.694416,0.431339,-0.120334,0.990569,-0.0655188,0.575711
-0.696541,-0.0372207,0.716551,-0.521058,0.707355,0.131862,0.694451,0.431314,-0.120334,0.990569,-0.0655188,0.575711
-0.696223,-0.0397967,0.716721,-0.521066,0.707042,0.134394,0.694283,0.431322,-0.123954,0.990128,-0.0654305,0.574285
-0.696223,-0.0397967,0.716721,-0.521066,0.707042,0.134394,0.694283,0.431322,-0.123954,0.990128,-0.0654305,0.574285
-0.695916,-0.0424133,0.71687,-0.521089,0.706692,0.136961,0.694139,0.431312,-0.127624,0.989668,-0.0653401,0.572835
-0.695916,-0.0424133,0.71687,-0.521089,0.706692,0.136961,0.694139,0.431312,-0.127624,0.989668,-0.0653401,0.572835
-0.695939,-0.0424304,0.716846,-0.521108,0.706666,0.136971,0.694163,0.431297,-0.127641,0.989666,-0.0653397,0.572823
-0.695614,-0.044918,0.717011,-0.521109,0.706346,0.139417,0.694001,0.431298,-0.131137,0.989214,-0.0652526,0.571446
-0.695614,-0.044918,0.717011,-0.521109,0.706346,0.139417,0.694001,0.431298,-0.131137,0.989214,-0.0652526,0.571446
-0.695285,-0.0475951,0.717157,-0.52112,0.705961,0.142055,0.693858,0.431276,-0.1349,0.988714,-0.0651683,0.569965
-0.695285,-0.0475951,0.717157,-0.52112,0.705961,0.142055,0.693858,0.431276,-0.1349,0.988714,-0.0651683,0.569965
-0.695312,-0.0476006,0.71713,-0.521137,0.705934,0.142053,0.693886,0.431256,-0.1349,0.988714,-0.0651683,0.569965
-0.694987,-0.0499506,0.717285,-0.521131,0.705615,0.144363,0.693734,0.43125,-0.138202,0.988263,-0.0650845,0.568663
-0.694987,-0.0499506,0.717285,-0.521131,0.705615,0.144363,0.693734,0.43125,-0.138202,0.988263,-0.0650845,0.568663
-0.69465,-0.0524508,0.717433,-0.521132,0.705248,0.14684,0.693587,0.431227,-0.141727,0.987769,-0.0650114,0.567272
-0.69465,-0.0524508,0.717433,-0.521132,0.705248,0.14684,0.693587,0.431227,-0.141727,0.987769,-0.0650114,0.567272
-0.69467,-0.0524549,0.717414,-0.521144,0.705228,0.146838,0.693607,0.431212,-0.141727,0.987769,-0.0650114,0.567272
-0.6943,-0.0550119,0.71758,-0.52113,0.704865,0.149327,0.693446,0.431199,-0.145302,0.987256,-0.0649017,0.56586
-0.6943,-0.0550119,0.71758,-0.52113,0.704865,0.149327,0.693446,0.431199,-0.145302,0.987256,-0.0649017,0.56586
-0.693952,-0.0575239,0.71772,-0.52113,0.70447,0.151812,0.693308,0.431162,-0.14884,0.986734,-0.0648265,0.564463
-0.693952,-0.0575239,0.71772,-0.52113,0.70447,0.151812,0.693308,0.431162,-0.14884,0.986734,-0.0648265,0.564463
-0.693986,-0.0575313,0.717686,-0.521151,0.704436,0.151809,0.693343,0.431137,-0.14884,0.986734,-0.0648265,0.564463
-0.693988,-0.057519,0.717685,-0.521147,0.704437,0.151797,0.693344,0.431133,-0.148823,0.986737,-0.0648269,0.564475
-0.693988,-0.057519,0.717685,-0.521147,0.704437,0.151797,0.693344,0.431133,-0.148823,0.986737,-0.0648269,0.564475
-0.693236,-0.0626599,0.717982,-0.521126,0.703618,0.156836,0.693054,0.431058,-0.156032,0.985635,-0.0646359,0.561625
-0.693236,-0.0626599,0.717982,-0.521126,0.703618,0.156836,0.693054,0.431058,-0.156032,0.985635,-0.0646359,0.561625
-0.693266,-0.0626667,0.717952,-0.521145,0.703588,0.156834,0.693085,0.431035,-0.156032,0.985635,-0.0646359,0.561625
-0.692883,-0.065059,0.718109,-0.521118,0.703212,0.159184,0.692931,0.431009,-0.159393,0.985103,-0.0645456,0.560296
-0.692883,-0.065059,0.718109,-0.521118,0.703212,0.159184,0.692931,0.431009,-0.159393,0.985103,-0.0645456,0.560296
-0.692502,-0.0676303,0.718239,-0.521113,0.702762,0.161698,0.692805,0.430953,-0.162992,0.98452,-0.0644479,0.558867
-0.692502,-0.0676303,0.718239,-0.521113,0.702762,0.161698,0.692805,0.430953,-0.162992,0.98452,-0.0644479,0.558867
-0.69255,-0.0676413,0.718192,-0.521142,0.702715,0.161693,0.692854,0.430917,-0.162992,0.98452,-0.0644479,0.558867
-0.692127,-0.0701659,0.718357,-0.521107,0.7023,0.164173,0.692692,0.430883,-0.166538,0.983933,-0.0643509,0.557463
-0.692127,-0.0701659,0.718357,-0.521107,0.7023,0.164173,0.692692,0.430883,-0.166538,0.983933,-0.0643509,0.557463
-0.691758,-0.0727166,0.718459,-0.521112,0.70181,0.166656,0.692596,0.4308,-0.170099,0.98333,-0.0642525,0.556047
-0.691758,-0.0727166,0.718459,-0.521112,0.70181,0.166656,0.692596,0.4308,-0.170099,0.98333,-0.0642525,0.556047
-0.691833,-0.0727472,0.718383,-0.521163,0.701732,0.16666,0.692674,0.430746,-0.170116,0.983327,-0.064252,0.556036
-0.69141,-0.0751713,0.718542,-0.521122,0.701316,0.16904,0.692518,0.430706,-0.17352,0.982738,-0.0641572,0.554687
-0.69141,-0.0751713,0.718542,-0.521122,0.701316,0.16904,0.692518,0.430706,-0.17352,0.982738,-0.0641572,0.554687
-0.691066,-0.0774624,0.718629,-0.521126,0.700856,0.171268,0.692437,0.430626,-0.176716,0.982175,-0.0640673,0.55341
-0.691066,-0.0774624,0.718629,-0.521126,0.700856,0.171268,0.692437,0.430626,-0.176716,0.982175,-0.0640673,0.55341
-0.691111,-0.0775116,0.71858,-0.521168,0.700799,0.171298,0.692487,0.430598,-0.176767,0.982165,-0.0640659,0.553375
-0.690648,-0.0800935,0.718742,-0.521118,0.700329,0.173844,0.692328,0.430548,-0.1804,0.981511,-0.0639736,0.551937
-0.690648,-0.0800935,0.718742,-0.521118,0.700329,0.173844,0.692328,0.430548,-0.1804,0.981511,-0.0639736,0.551937
-0.690224,-0.0826219,0.718864,-0.521099,0.699828,0.17631,0.69221,0.430471,-0.183935,0.980861,-0.0638725,0.550524
-0.690224,-0.0826219,0.718864,-0.521099,0.699828,0.17631,0.69221,0.430471,-0.183935,0.980861,-0.0638725,0.550524
-0.690253,-0.082655,0.718831,-0.521127,0.69979,0.17633,0.692244,0.430453,-0.183969,0.980855,-0.0638715,0.5505
-0.689795,-0.0851115,0.718985,-0.521072,0.699324,0.178753,0.692093,0.430398,-0.187426,0.980206,-0.0637826,0.549131
-0.689795,-0.0851115,0.718985,-0.521072,0.699324,0.178753,0.692093,0.430398,-0.187426,0.980206,-0.0637826,0.549131
-0.689352,-0.0876625,0.719103,-0.521042,0.698793,0.181253,0.691979,0.43031,-0.191,0.979522,-0.0636894,0.547709
-0.689352,-0.0876625,0.719103,-0.521042,0.698793,0.181253,0.691979,0.43031,-0.191,0.979522,-0.0636894,0.547709
-0.689399,-0.0876746,0.719057,-0.52107,0.698748,0.181247,0.692027,0.430275,-0.191,0.979522,-0.0636894,0.547709
-0.688945,-0.0899678,0.719208,-0.521012,0.698303,0.183522,0.691877,0.430218,-0.194237,0.97889,-0.0636115,0.546423
-0.688945,-0.0899678,0.719208,-0.521012,0.698303,0.183522,0.691877,0.430218,-0.194237,0.97889,-0.0636115,0.546423
-0.688481,-0.0925924,0.71932,-0.520978,0.697732,0.186073,0.691771,0.430106,-0.197899,0.978163,-0.0635032,0.544967
-0.688481,-0.0925924,0.71932,-0.520978,0.697732,0.186073,0.691771,0.430106,-0.197899,0.978163,-0.0635032,0.544967
-0.688555,-0.0926122,0.719246,-0.521024,0.697659,0.186063,0.691847,0.430051,-0.197899,0.978163,-0.0635032,0.544967
-0.688001,-0.095355,0.719417,-0.520947,0.6971,0.188766,0.691678,0.429974,-0.201756,0.977382,-0.063399,0.543436
-0.688001,-0.095355,0.719417,-0.520947,0.6971,0.188766,0.691678,0.429974,-0.201756,0.977382,-0.063399,0.543436
-0.687539,-0.0982648,0.719468,-0.520939,0.696371,0.191593,0.691635,0.429795,-0.205808,0.976543,-0.0632988,0.541829
-0.687539,-0.0982648,0.719468,-0.520939,0.696371,0.191593,0.691635,0.429795,-0.205808,0.976543,-0.0632988,0.541829
-0.687748,-0.0983223,0.71926,-0.521068,0.696165,0.191563,0.691851,0.429639,-0.205808,0.976543,-0.0632988,0.541829
-0.687239,-0.100809,0.719402,-0.520992,0.69562,0.194037,0.69171,0.42956,-0.209321,0.975801,-0.063225,0.54044
-0.687239,-0.100809,0.719402,-0.520992,0.69562,0.194037,0.69171,0.42956,-0.209321,0.975801,-0.063225,0.54044
-0.686859,-0.103757,0.719347,-0.521031,0.694752,0.196897,0.691774,0.429303,-0.213414,0.974919,-0.0631548,0.538825
-0.686859,-0.103757,0.719347,-0.521031,0.694752,0.196897,0.691774,0.429303,-0.213414,0.974919,-0.0631548,0.538825
-0.687123,-0.103832,0.719083,-0.521194,0.69449,0.196857,0.692048,0.429105,-0.213414,0.974919,-0.0631548,0.538825
-0.686525,-0.106658,0.719241,-0.521098,0.693843,0.199671,0.691891,0.429005,-0.217407,0.974041,-0.0630757,0.537245
-0.686525,-0.106658,0.719241,-0.521098,0.693843,0.199671,0.691891,0.429005,-0.217407,0.974041,-0.0630757,0.537245
-0.686285,-0.109654,0.719019,-0.521237,0.692793,0.202467,0.692131,0.428606,-0.221473,0.973131,-0.0629824,0.535633
-0.686285,-0.109654,0.719019,-0.521237,0.692793,0.202467,0.692131,0.428606,-0.221473,0.973131,-0.0629824,0.535633
-0.686718,-0.109781,0.718586,-0.521505,0.692364,0.202398,0.69258,0.428281,-0.221473,0.973131,-0.0629824,0.535633
-0.686084,-0.112627,0.718752,-0.521399,0.691698,0.205214,0.692417,0.428173,-0.225483,0.972215,-0.0628899,0.534041
-0.686084,-0.112627,0.718752,-0.521399,0.691698,0.205214,0.692417,0.428173,-0.225483,0.972215,-0.0628899,0.534041
-0.686044,-0.115431,0.718345,-0.521638,0.690509,0.207762,0.692844,0.427658,-0.229221,0.971345,-0.0628274,0.532559
-0.686044,-0.115431,0.718345,-0.521638,0.690509,0.207762,0.692844,0.427658,-0.229221,0.971345,-0.0628274,0.532559
-0.686671,-0.115685,0.717704,-0.522052,0.689856,0.207713,0.693508,0.427189,-0.229306,0.971325,-0.0628247,0.532501
-0.686041,-0.11855,0.71784,-0.521939,0.689119,0.210599,0.693371,0.427067,-0.233375,0.970358,-0.0627845,0.530899
-0.686041,-0.11855,0.71784,-0.521939,0.689119,0.210599,0.693371,0.427067,-0.233375,0.970358,-0.0627845,0.530899
-0.686035,-0.121688,0.71732,-0.522243,0.687698,0.213436,0.693914,0.426458,-0.237543,0.969349,-0.0627404,0.529233
-0.686035,-0.121688,0.71732,-0.522243,0.687698,0.213436,0.693914,0.426458,-0.237543,0.969349,-0.0627404,0.529233
-0.686727,-0.121915,0.716619,-0.522677,0.687002,0.213325,0.694637,0.425933,-0.23756,0.969345,-0.0627399,0.529221
-0.686137,-0.124538,0.716733,-0.522565,0.68629,0.215977,0.694521,0.425812,-0.241292,0.968424,-0.0627206,0.527756
-0.686137,-0.124538,0.716733,-0.522565,0.68629,0.215977,0.694521,0.425812,-0.241292,0.968424,-0.0627206,0.527756
-0.686191,-0.127812,0.716105,-0.522895,0.6847,0.218914,0.69517,0.425096,-0.245617,0.967337,-0.0627041,0.526059
-0.686191,-0.127812,0.716105,-0.522895,0.6847,0.218914,0.69517,0.425096,-0.245617,0.967337,-0.0627041,0.526059
-0.686885,-0.128034,0.7154,-0.523326,0.684004,0.218785,0.695896,0.424566,-0.245617,0.967337,-0.0627041,0.526059
-0.686151,-0.131169,0.715536,-0.523182,0.683126,0.221945,0.695758,0.42441,-0.250071,0.966196,-0.0626827,0.524309
-0.686151,-0.131169,0.715536,-0.523182,0.683126,0.221945,0.695758,0.42441,-0.250071,0.966196,-0.0626827,0.524309
-0.686245,-0.134616,0.714806,-0.52355,0.681357,0.225013,0.696507,0.423605,-0.254601,0.965012,-0.0626925,0.522536
-0.686245,-0.134616,0.714806,-0.52355,0.681357,0.225013,0.696507,0.423605,-0.254601,0.965012,-0.0626925,0.522536
-0.686958,-0.134851,0.714076,-0.523994,0.680638,0.224871,0.697256,0.423057,-0.254601,0.965012,-0.0626925,0.522536
-0.686245,-0.137881,0.714182,-0.523846,0.679722,0.227966,0.697144,0.422893,-0.258933,0.963857,-0.0627197,0.520845
-0.686245,-0.137881,0.714182,-0.523846,0.679722,0.227966,0.697144,0.422893,-0.258933,0.963857,-0.0627197,0.520845
-0.686338,-0.141514,0.713382,-0.524216,0.677773,0.231264,0.697955,0.422036,-0.26375,0.962544,-0.0628107,0.51898
-0.686338,-0.141514,0.713382,-0.524216,0.677773,0.231264,0.697955,0.422036,-0.26375,0.962544,-0.0628107,0.51898
-0.687148,-0.14179,0.712547,-0.52472,0.676952,0.231094,0.698807,0.421409,-0.26375,0.962544,-0.0628107,0.51898
-0.686315,-0.14529,0.712644,-0.524538,0.675818,0.234709,0.6987,0.421203,-0.268779,0.961146,-0.0628946,0.517028
-0.686315,-0.14529,0.712644,-0.524538,0.675818,0.234709,0.6987,0.421203,-0.268779,0.961146,-0.0628946,0.517028
-0.686439,-0.14879,0.711803,-0.524947,0.673891,0.237675,0.699559,0.42028,-0.273265,0.959881,-0.0628812,0.515267
-0.686439,-0.14879,0.711803,-0.524947,0.673891,0.237675,0.699559,0.42028,-0.273265,0.959881,-0.0628812,0.515267
-0.68734,-0.149121,0.710863,-0.525514,0.672964,0.237486,0.700514,0.419577,-0.273282,0.959877,-0.0628807,0.515255
-0.686365,-0.15283,0.711018,-0.525301,0.671807,0.241194,0.700357,0.419353,-0.278529,0.958368,-0.0628754,0.513191
-0.686365,-0.15283,0.711018,-0.525301,0.671807,0.241194,0.700357,0.419353,-0.278529,0.958368,-0.0628754,0.513191
-0.686352,-0.156834,0.710158,-0.525673,0.669632,0.244698,0.701225,0.418382,-0.28375,0.956831,-0.0629283,0.511151
-0.686352,-0.156834,0.710158,-0.525673,0.669632,0.244698,0.701225,0.418382,-0.28375,0.956831,-0.0629283,0.511151
-0.687281,-0.157173,0.709184,-0.526253,0.668679,0.244481,0.702209,0.417652,-0.28375,0.956831,-0.0629283,0.511151
-0.686347,-0.160576,0.709326,-0.526042,0.667582,0.247867,0.702066,0.417433,-0.288553,0.955394,-0.0629253,0.50926
-0.686347,-0.160576,0.709326,-0.526042,0.667582,0.247867,0.702066,0.417433,-0.288553,0.955394,-0.0629253,0.50926
-0.686153,-0.164654,0.708578,-0.526355,0.665492,0.251307,0.702827,0.416488,-0.293794,0.9538,-0.0628594,0.507178
-0.686153,-0.164654,0.708578,-0.526355,0.665492,0.251307,0.702827,0.416488,-0.293794,0.9538,-0.0628594,0.507178
-0.686942,-0.164952,0.707744,-0.526849,0.664677,0.251112,0.703667,0.415863,-0.293794,0.9538,-0.0628594,0.507178
-0.685847,-0.168648,0.707935,-0.5266,0.663509,0.254696,0.703481,0.415616,-0.298949,0.952201,-0.0627834,0.505127
-0.685847,-0.168648,0.707935,-0.5266,0.663509,0.254696,0.703481,0.415616,-0.298949,0.952201,-0.0627834,0.505127
-0.685515,-0.172842,0.707245,-0.526838,0.661364,0.25833,0.704176,0.414702,-0.304413,0.950469,-0.0627776,0.50297
-0.685515,-0.172842,0.707245,-0.526838,0.661364,0.25833,0.704176,0.414702,-0.304413,0.950469,-0.0627776,0.50297
-0.686297,-0.173147,0.706411,-0.527328,0.660552,0.258125,0.705012,0.414079,-0.304413,0.950469,-0.0627776,0.50297
-0.685258,-0.176759,0.706525,-0.527076,0.659245,0.261772,0.704891,0.413811,-0.309545,0.948805,-0.0628539,0.500964
-0.685258,-0.176759,0.706525,-0.527076,0.659245,0.261772,0.704891,0.413811,-0.309545,0.948805,-0.0628539,0.500964
-0.684694,-0.181046,0.705986,-0.527192,0.657139,0.265589,0.70543,0.412987,-0.315217,0.946934,-0.0628746,0.498728
