0.0224921,0.713362,-0.700435,-0.453523,0.0731573,0.69756,0.712782,0.36369,0.997067,-0.0672739,-0.036498,0.612093
0.0224921,0.713362,-0.700435,-0.453523,0.0731573,0.69756,0.712782,0.36369,0.997067,-0.0672739,-0.036498,0.612093
0.0224921,0.713362,-0.700435,-0.453523,0.0731573,0.69756,0.712782,0.36369,0.997067,-0.0672739,-0.036498,0.612093
0.0224921,0.713362,-0.700435,-0.453523,0.0731573,0.69756,0.712782,0.36369,0.997067,-0.0672739,-0.036498,0.612093
0.0224921,0.713362,-0.700435,-0.453523,0.0731573,0.69756,0.712782,0.36369,0.997067,-0.0672739,-0.036498,0.612093
0.0224921,0.713362,-0.700435,-0.453523,0.0731573,0.69756,0.712782,0.36369,0.997067,-0.0672739,-0.036498,0.612093
0.0224921,0.713362,-0.700435,-0.453523,0.0731573,0.69756,0.712782,0.36369,0.997067,-0.0672739,-0.036498,0.612093
0.0224921,0.713362,-0.700435,-0.453523,0.0731573,0.69756,0.712782,0.36369,0.997067,-0.0672739,-0.036498,0.612093
0.0224921,0.713362,-0.700435,-0.453523,0.0731573,0.69756,0.712782,0.36369,0.997067,-0.0672739,-0.036498,0.612093
0.0224921,0.713362,-0.700435,-0.453523,0.0731573,0.69756,0.712782,0.36369,0.997067,-0.0672739,-0.036498,0.612093
0.0224921,0.713362,-0.700435,-0.453523,0.0731573,0.69756,0.712782,0.36369,0.997067,-0.0672739,-0.036498,0.612093
0.0224921,0.713362,-0.700435,-0.453523,0.0731573,0.69756,0.712782,0.36369,0.997067,-0.0672739,-0.036498,0.612093
0.0224921,0.713362,-0.700435,-0.453523,0.0731573,0.69756,0.712782,0.36369,0.997067,-0.0672739,-0.036498,0.612093
0.0224921,0.713362,-0.700435,-0.453523,0.0731573,0.69756,0.712782,0.36369,0.997067,-0.0672739,-0.036498,0.612093
0.0224921,0.713362,-0.700435,-0.453523,0.0731573,0.69756,0.712782,0.36369,0.997067,-0.0672739,-0.036498,0.612093
0.0224921,0.713362,-0.700435,-0.453523,0.0731573,0.69756,0.712782,0.36369,0.997067,-0.0672739,-0.036498,0.612093
0.0224921,0.713362,-0.700435,-0.453523,0.0731573,0.69756,0.712782,0.36369,0.997067,-0.0672739,-0.036498,0.612093
0.0224921,0.713362,-0.700435,-0.453523,0.0731573,0.69756,0.712782,0.36369,0.997067,-0.0672739,-0.036498,0.612093
0.0224921,0.713362,-0.700435,-0.453523,0.0731573,0.69756,0.712782,0.36369,0.997067,-0.0672739,-0.036498,0.612093
0.0224921,0.713362,-0.700435,-0.453523,0.0731573,0.69756,0.712782,0.36369,0.997067,-0.0672739,-0.036498,0.612093
0.0224921,0.713362,-0.700435,-0.453523,0.0731573,0.69756,0.712782,0.36369,0.997067,-0.0672739,-0.036498,0.612093
0.0224921,0.713362,-0.700435,-0.453523,0.0731573,0.69756,0.712782,0.36369,0.997067,-0.0672739,-0.036498,0.612093
0.0224921,0.713362,-0.700435,-0.453523,0.0731573,0.69756,0.712782,0.36369,0.997067,-0.0672739,-0.036498,0.612093
0.0224921,0.713362,-0.700435,-0.453523,0.0731573,0.69756,0.712782,0.36369,0.997067,-0.0672739,-0.036498,0.612093
0.0224921,0.713362,-0.700435,-0.453523,0.0731573,0.69756,0.712782,0.36369,0.997067,-0.0672739,-0.036498,0.612093
0.0224921,0.713362,-0.700435,-0.453523,0.0731573,0.69756,0.712782,0.36369,0.997067,-0.0672739,-0.036498,0.612093
0.0224921,0.713362,-0.700435,-0.453523,0.0731573,0.69756,0.712782,0.36369,0.997067,-0.0672739,-0.036498,0.612093
0.0224921,0.713362,-0.700435,-0.453523,0.0731573,0.69756,0.712782,0.36369,0.997067,-0.0672739,-0.036498,0.612093
0.0224921,0.713362,-0.700435,-0.453523,0.0731573,0.69756,0.712782,0.36369,0.997067,-0.0672739,-0.036498,0.612093
0.0224921,0.713362,-0.700435,-0.453523,0.0731573,0.69756,0.712782,0.36369,0.997067,-0.0672739,-0.036498,0.612093
0.0224919,0.71336,-0.700436,-0.453523,0.0731573,0.697561,0.712781,0.36369,0.997067,-0.0672739,-0.036498,0.612093
0.0224919,0.71336,-0.700436,-0.453523,0.0731573,0.697561,0.712781,0.36369,0.997067,-0.0672739,-0.036498,0.612093
0.0224919,0.71336,-0.700436,-0.453523,0.0731573,0.697561,0.712781,0.36369,0.997067,-0.0672739,-0.036498,0.612093
0.0224919,0.71336,-0.700436,-0.453523,0.0731573,0.697561,0.712781,0.36369,0.997067,-0.0672739,-0.036498,0.612093
0.0224919,0.71336,-0.700436,-0.453523,0.0731573,0.697561,0.712781,0.36369,0.997067,-0.0672739,-0.036498,0.612093
0.0224919,0.71336,-0.700436,-0.453523,0.0731573,0.697561,0.712781,0.36369,0.997067,-0.0672739,-0.036498,0.612093
0.0224919,0.71336,-0.700436,-0.453523,0.0731573,0.697561,0.712781,0.36369,0.997067,-0.0672739,-0.036498,0.612093
0.0224919,0.71336,-0.700436,-0.453523,0.0731573,0.697561,0.712781,0.36369,0.997067,-0.0672739,-0.036498,0.612093
0.0224919,0.71336,-0.700436,-0.453523,0.0731573,0.697561,0.712781,0.36369,0.997067,-0.0672739,-0.036498,0.612093
0.0224919,0.71336,-0.700436,-0.453523,0.0731573,0.697561,0.712781,0.36369,0.997067,-0.0672739,-0.036498,0.612093
0.0224919,0.71336,-0.700436,-0.453523,0.0731573,0.697561,0.712781,0.36369,0.997067,-0.0672739,-0.036498,0.612093
0.0224919,0.71336,-0.700436,-0.453523,0.0731573,0.697561,0.712781,0.36369,0.997067,-0.0672739,-0.036498,0.612093
0.0224919,0.71336,-0.700436,-0.453523,0.0731573,0.697561,0.712781,0.36369,0.997067,-0.0672739,-0.036498,0.612093
0.0224919,0.71336,-0.700436,-0.453523,0.0731573,0.697561,0.712781,0.36369,0.997067,-0.0672739,-0.036498,0.612093
0.0224919,0.71336,-0.700436,-0.453523,0.0731573,0.697561,0.712781,0.36369,0.997067,-0.0672739,-0.036498,0.612093
0.0224919,0.71336,-0.700436,-0.453523,0.0731573,0.697561,0.712781,0.36369,0.997067,-0.0672739,-0.036498,0.612093
0.0224919,0.71336,-0.700436,-0.453523,0.0731573,0.697561,0.712781,0.36369,0.997067,-0.0672739,-0.036498,0.612093
0.0224919,0.71336,-0.700436,-0.453523,0.0731573,0.697561,0.712781,0.36369,0.997067,-0.0672739,-0.036498,0.612093
0.0224919,0.71336,-0.700436,-0.453523,0.0731573,0.697561,0.712781,0.36369,0.997067,-0.0672739,-0.036498,0.612093
0.0224919,0.71336,-0.700436,-0.453523,0.0731573,0.697561,0.712781,0.36369,0.997067,-0.0672739,-0.036498,0.612093
0.0224919,0.71336,-0.700436,-0.453523,0.0731573,0.697561,0.712781,0.36369,0.997067,-0.0672739,-0.036498,0.612093
0.0224919,0.71336,-0.700436,-0.453523,0.0731573,0.697561,0.712781,0.36369,0.997067,-0.0672739,-0.036498,0.612093
0.0224919,0.71336,-0.700436,-0.453523,0.0731573,0.697561,0.712781,0.36369,0.997067,-0.0672739,-0.036498,0.612093
0.0224919,0.71336,-0.700436,-0.453523,0.0731573,0.697561,0.712781,0.36369,0.997067,-0.0672739,-0.036498,0.612093
0.0224919,0.71336,-0.700436,-0.453523,0.0731573,0.697561,0.712781,0.36369,0.997067,-0.0672739,-0.036498,0.612093
0.0224917,0.713358,-0.700439,-0.453524,0.0731574,0.697563,0.712779,0.363688,0.997067,-0.0672739,-0.036498,0.612093
0.0224917,0.713358,-0.700439,-0.453524,0.0731574,0.697563,0.712779,0.363688,0.997067,-0.0672739,-0.036498,0.612093
0.0224917,0.713358,-0.700439,-0.453524,0.0731574,0.697563,0.712779,0.363688,0.997067,-0.0672739,-0.036498,0.612093
0.0224917,0.713358,-0.700439,-0.453524,0.0731574,0.697563,0.712779,0.363688,0.997067,-0.0672739,-0.036498,0.612093
0.0224917,0.713358,-0.700439,-0.453524,0.0731574,0.697563,0.712779,0.363688,0.997067,-0.0672739,-0.036498,0.612093
0.0224917,0.713358,-0.700439,-0.453524,0.0731574,0.697563,0.712779,0.363688,0.997067,-0.0672739,-0.036498,0.612093
0.0224917,0.713358,-0.700439,-0.453524,0.0731574,0.697563,0.712779,0.363688,0.997067,-0.0672739,-0.036498,0.612093
0.0224917,0.713358,-0.700439,-0.453524,0.0731574,0.697563,0.712779,0.363688,0.997067,-0.0672739,-0.036498,0.612093
0.0224917,0.713358,-0.700439,-0.453524,0.0731574,0.697563,0.712779,0.363688,0.997067,-0.0672739,-0.036498,0.612093
0.0224917,0.713358,-0.700439,-0.453524,0.0731574,0.697563,0.712779,0.363688,0.997067,-0.0672739,-0.036498,0.612093
0.0224917,0.713358,-0.700439,-0.453524,0.0731574,0.697563,0.712779,0.363688,0.997067,-0.0672739,-0.036498,0.612093
0.0224917,0.713358,-0.700439,-0.453524,0.0731574,0.697563,0.712779,0.363688,0.997067,-0.0672739,-0.036498,0.612093
0.0224916,0.713357,-0.70044,-0.453525,0.0731574,0.697565,0.712777,0.363687,0.997067,-0.0672739,-0.036498,0.612093
0.0224916,0.713357,-0.70044,-0.453525,0.0731574,0.697565,0.712777,0.363687,0.997067,-0.0672739,-0.036498,0.612093
0.0224916,0.713357,-0.70044,-0.453525,0.0731574,0.697565,0.712777,0.363687,0.997067,-0.0672739,-0.036498,0.612093
0.0224916,0.713357,-0.70044,-0.453525,0.0731574,0.697565,0.712777,0.363687,0.997067,-0.0672739,-0.036498,0.612093
0.0224916,0.713357,-0.70044,-0.453525,0.0731574,0.697565,0.712777,0.363687,0.997067,-0.0672739,-0.036498,0.612093
0.0224916,0.713357,-0.70044,-0.453525,0.0731574,0.697565,0.712777,0.363687,0.997067,-0.0672739,-0.036498,0.612093
0.0224916,0.713357,-0.70044,-0.453525,0.0731574,0.697565,0.712777,0.363687,0.997067,-0.0672739,-0.036498,0.612093
0.0224916,0.713357,-0.70044,-0.453525,0.0731574,0.697565,0.712777,0.363687,0.997067,-0.0672739,-0.036498,0.612093
0.0224914,0.713355,-0.700441,-0.453526,0.0731575,0.697566,0.712776,0.363686,0.997067,-0.0672739,-0.036498,0.612093
0.0224914,0.713355,-0.700441,-0.453526,0.0731575,0.697566,0.712776,0.363686,0.997067,-0.0672739,-0.036498,0.612093
0.0224914,0.713355,-0.700441,-0.453526,0.0731575,0.697566,0.712776,0.363686,0.997067,-0.0672739,-0.036498,0.612093
0.0224914,0.713355,-0.700441,-0.453526,0.0731575,0.697566,0.712776,0.363686,0.997067,-0.0672739,-0.036498,0.612093
0.0224914,0.713355,-0.700441,-0.453526,0.0731575,0.697566,0.712776,0.363686,0.997067,-0.0672739,-0.036498,0.612093
0.0224913,0.713354,-0.700443,-0.453526,0.0731575,0.697567,0.712775,0.363686,0.997067,-0.0672739,-0.036498,0.612093
0.0224913,0.713354,-0.700443,-0.453526,0.0731575,0.697567,0.712775,0.363686,0.997067,-0.0672739,-0.036498,0.612093
0.0224913,0.713354,-0.700443,-0.453526,0.0731575,0.697567,0.712775,0.363686,0.997067,-0.0672739,-0.036498,0.612093
0.0224913,0.713354,-0.700443,-0.453526,0.0731575,0.697567,0.712775,0.363686,0.997067,-0.0672739,-0.036498,0.612093
0.0224913,0.713354,-0.700443,-0.453526,0.0731575,0.697567,0.712775,0.363686,0.997067,-0.0672739,-0.036498,0.612093
0.0224912,0.713353,-0.700444,-0.453527,0.0731575,0.697568,0.712774,0.363685,0.997067,-0.0672739,-0.036498,0.612093
0.0224912,0.713353,-0.700444,-0.453527,0.0731575,0.697568,0.712774,0.363685,0.997067,-0.0672739,-0.036498,0.612093
0.022491,0.713352,-0.700445,-0.453528,0.0731576,0.69757,0.712772,0.363684,0.997067,-0.0672739,-0.036498,0.612093
0.022491,0.713352,-0.700445,-0.453528,0.0731576,0.69757,0.712772,0.363684,0.997067,-0.0672739,-0.036498,0.612093
0.022491,0.713352,-0.700445,-0.453528,0.0731576,0.69757,0.712772,0.363684,0.997067,-0.0672739,-0.036498,0.612093
0.0224909,0.713351,-0.700446,-0.453528,0.0731576,0.697571,0.712771,0.363683,0.997067,-0.0672739,-0.036498,0.612093
0.0224909,0.713351,-0.700446,-0.453528,0.0731576,0.697571,0.712771,0.363683,0.997067,-0.0672739,-0.036498,0.612093
0.0224907,0.713348,-0.700449,-0.45353,0.0731577,0.697573,0.712769,0.363682,0.997067,-0.0672739,-0.036498,0.612093
0.0224783,0.713349,-0.700448,-0.45353,0.0731699,0.697573,0.712768,0.363682,0.997066,-0.0672735,-0.0365155,0.612088
0.0224783,0.713349,-0.700448,-0.45353,0.0731699,0.697573,0.712768,0.363682,0.997066,-0.0672735,-0.0365155,0.612088
0.0224768,0.713342,-0.700456,-0.45353,0.0731838,0.697579,0.71276,0.363682,0.997065,-0.0672826,-0.0365257,0.612088
0.0224768,0.713342,-0.700456,-0.45353,0.0731838,0.697579,0.71276,0.363682,0.997065,-0.0672826,-0.0365257,0.612088
0.0224643,0.713341,-0.700457,-0.453535,0.0731961,0.69758,0.712759,0.363686,0.997065,-0.0672823,-0.0365431,0.612078
0.0224643,0.713341,-0.700457,-0.453535,0.0731961,0.69758,0.712759,0.363686,0.997065,-0.0672823,-0.0365431,0.612078
0.0224643,0.713341,-0.700457,-0.453535,0.0731961,0.69758,0.712759,0.363686,0.997065,-0.0672823,-0.0365431,0.612078
0.0224642,0.71334,-0.700458,-0.453536,0.0731961,0.697581,0.712757,0.363685,0.997065,-0.0672823,-0.0365431,0.612078
0.0224642,0.71334,-0.700458,-0.453536,0.0731961,0.697581,0.712757,0.363685,0.997065,-0.0672823,-0.0365431,0.612078
0.0224642,0.71334,-0.700458,-0.453536,0.0731961,0.697581,0.712757,0.363685,0.997065,-0.0672823,-0.0365431,0.612078
0.0224518,0.713341,-0.700458,-0.453536,0.0732083,0.69758,0.712757,0.363685,0.997064,-0.067282,-0.0365606,0.612073
0.0224518,0.713341,-0.700458,-0.453536,0.0732083,0.69758,0.712757,0.363685,0.997064,-0.067282,-0.0365606,0.612073
0.0224518,0.713341,-0.700458,-0.453536,0.0732083,0.69758,0.712757,0.363685,0.997064,-0.067282,-0.0365606,0.612073
0.0224518,0.713341,-0.700458,-0.453536,0.0732083,0.69758,0.712757,0.363685,0.997064,-0.067282,-0.0365606,0.612073
0.0224516,0.71334,-0.700459,-0.453537,0.0732084,0.697581,0.712756,0.363684,0.997064,-0.067282,-0.0365606,0.612073
0.0224392,0.71334,-0.700458,-0.453537,0.0732206,0.697581,0.712755,0.363685,0.997063,-0.0672817,-0.036578,0.612067
0.0224392,0.71334,-0.700458,-0.453537,0.0732206,0.697581,0.712755,0.363685,0.997063,-0.0672817,-0.036578,0.612067
0.0224268,0.713341,-0.700458,-0.453538,0.0732328,0.69758,0.712755,0.363685,0.997063,-0.0672813,-0.0365955,0.612062
0.0224268,0.713341,-0.700458,-0.453538,0.0732328,0.69758,0.712755,0.363685,0.997063,-0.0672813,-0.0365955,0.612062
0.0224268,0.713341,-0.700458,-0.453538,0.0732328,0.69758,0.712755,0.363685,0.997063,-0.0672813,-0.0365955,0.612062
0.0224145,0.713343,-0.700457,-0.453539,0.0732694,0.697577,0.712754,0.363686,0.99706,-0.0672981,-0.0366303,0.612052
0.0224145,0.713343,-0.700457,-0.453539,0.0732694,0.697577,0.712754,0.363686,0.99706,-0.0672981,-0.0366303,0.612052
0.0223647,0.713344,-0.700457,-0.453544,0.0732939,0.697577,0.712751,0.363691,0.99706,-0.0672797,-0.0366827,0.612032
0.0223647,0.713344,-0.700457,-0.453544,0.0732939,0.697577,0.712751,0.363691,0.99706,-0.0672797,-0.0366827,0.612032
0.0223645,0.713342,-0.700459,-0.453546,0.073294,0.697579,0.712749,0.363689,0.99706,-0.0672797,-0.0366827,0.612032
0.0223397,0.713343,-0.700458,-0.453547,0.0733184,0.697578,0.712748,0.36369,0.997058,-0.0672791,-0.0367175,0.612021
0.0223397,0.713343,-0.700458,-0.453547,0.0733184,0.697578,0.712748,0.36369,0.997058,-0.0672791,-0.0367175,0.612021
0.0223022,0.713343,-0.70046,-0.453554,0.0733796,0.697577,0.712743,0.363693,0.997055,-0.0672952,-0.0367873,0.611996
0.0223022,0.713343,-0.70046,-0.453554,0.0733796,0.697577,0.712743,0.363693,0.997055,-0.0672952,-0.0367873,0.611996
0.0223018,0.713339,-0.700464,-0.453556,0.0733797,0.697581,0.712739,0.363691,0.997055,-0.0672952,-0.0367873,0.611996
0.0222646,0.713342,-0.700463,-0.453558,0.0734163,0.697578,0.712738,0.363692,0.997053,-0.0672942,-0.0368396,0.61198
0.0222646,0.713342,-0.700463,-0.453558,0.0734163,0.697578,0.712738,0.363692,0.997053,-0.0672942,-0.0368396,0.61198
0.0222271,0.713342,-0.700464,-0.45356,0.073453,0.697578,0.712734,0.363692,0.997051,-0.0672932,-0.0368919,0.611965
0.0222271,0.713342,-0.700464,-0.45356,0.073453,0.697578,0.712734,0.363692,0.997051,-0.0672932,-0.0368919,0.611965
0.0222268,0.713338,-0.700468,-0.453562,0.0734531,0.697582,0.71273,0.36369,0.997051,-0.0672932,-0.0368919,0.611965
0.0221648,0.713342,-0.700465,-0.453565,0.0735142,0.697578,0.712728,0.363692,0.997048,-0.0672916,-0.0369791,0.611939
0.0221648,0.713342,-0.700465,-0.453565,0.0735142,0.697578,0.712728,0.363692,0.997048,-0.0672916,-0.0369791,0.611939
0.0220778,0.713346,-0.700465,-0.45357,0.0735998,0.697575,0.712722,0.363694,0.997043,-0.0672893,-0.0371012,0.611903
0.0220778,0.713346,-0.700465,-0.45357,0.0735998,0.697575,0.712722,0.363694,0.997043,-0.0672893,-0.0371012,0.611903
0.0220775,0.713343,-0.700467,-0.453571,0.0735999,0.697577,0.71272,0.363693,0.997043,-0.0672893,-0.0371012,0.611903
0.0219287,0.713353,-0.700462,-0.453577,0.0737464,0.697567,0.712714,0.363698,0.997036,-0.0672855,-0.0373105,0.611841
0.0219287,0.713353,-0.700462,-0.453577,0.0737464,0.697567,0.712714,0.363698,0.997036,-0.0672855,-0.0373105,0.611841
0.0217548,0.713361,-0.700459,-0.453586,0.0739175,0.697559,0.712704,0.363703,0.997027,-0.0672809,-0.0375546,0.611769
0.0217548,0.713361,-0.700459,-0.453586,0.0739175,0.697559,0.712704,0.363703,0.997027,-0.0672809,-0.0375546,0.611769
0.0217547,0.71336,-0.70046,-0.453586,0.0739175,0.697561,0.712703,0.363702,0.997027,-0.0672809,-0.0375546,0.611769
0.0215564,0.713373,-0.700452,-0.453594,0.0741129,0.697547,0.712696,0.36371,0.997017,-0.0672757,-0.0378336,0.611687
0.0215564,0.713373,-0.700452,-0.453594,0.0741129,0.697547,0.712696,0.36371,0.997017,-0.0672757,-0.0378336,0.611687
0.021333,0.713386,-0.700446,-0.453608,0.0743328,0.697535,0.712685,0.363721,0.997005,-0.0672699,-0.0381475,0.611589
0.021333,0.713386,-0.700446,-0.453608,0.0743328,0.697535,0.712685,0.363721,0.997005,-0.0672699,-0.0381475,0.611589
0.0213325,0.713381,-0.700451,-0.45361,0.074333,0.69754,0.71268,0.363718,0.997005,-0.0672699,-0.0381475,0.611589
0.0210845,0.713398,-0.700442,-0.45362,0.0745772,0.697524,0.71267,0.363727,0.996992,-0.0672634,-0.0384963,0.611486
0.0210845,0.713398,-0.700442,-0.45362,0.0745772,0.697524,0.71267,0.363727,0.996992,-0.0672634,-0.0384963,0.611486
0.0208114,0.713413,-0.700435,-0.453633,0.074846,0.697509,0.712656,0.363735,0.996978,-0.0672562,-0.0388799,0.611372
0.0208114,0.713413,-0.700435,-0.453633,0.074846,0.697509,0.712656,0.363735,0.996978,-0.0672562,-0.0388799,0.611372
0.020786,0.713408,-0.70044,-0.453645,0.0748706,0.697514,0.712649,0.36374,0.996977,-0.0672555,-0.0389148,0.611352
0.0205505,0.713424,-0.700431,-0.453654,0.0751026,0.697498,0.71264,0.363749,0.996964,-0.0672493,-0.0392461,0.611254
0.0205505,0.713424,-0.700431,-0.453654,0.0751026,0.697498,0.71264,0.363749,0.996964,-0.0672493,-0.0392461,0.611254
0.0201534,0.713447,-0.700419,-0.453682,0.0754935,0.697475,0.712621,0.363773,0.996943,-0.0672389,-0.0398041,0.611075
0.0201534,0.713447,-0.700419,-0.453682,0.0754935,0.697475,0.712621,0.363773,0.996943,-0.0672389,-0.0398041,0.611075
0.0201279,0.713442,-0.700426,-0.453694,0.0755182,0.697481,0.712613,0.363776,0.996941,-0.0672382,-0.039839,0.611054
0.019756,0.713467,-0.700411,-0.453709,0.0758845,0.697457,0.712598,0.36379,0.996921,-0.0672284,-0.0403621,0.6109
0.019756,0.713467,-0.700411,-0.453709,0.0758845,0.697457,0.712598,0.36379,0.996921,-0.0672284,-0.0403621,0.6109
0.0192225,0.713498,-0.700394,-0.45374,0.0764097,0.697426,0.712572,0.363815,0.996891,-0.0672143,-0.0411119,0.610668
0.0192225,0.713498,-0.700394,-0.45374,0.0764097,0.697426,0.712572,0.363815,0.996891,-0.0672143,-0.0411119,0.610668
0.0191969,0.713492,-0.7004,-0.453752,0.0764343,0.697432,0.712563,0.363818,0.99689,-0.0672136,-0.0411467,0.610648
0.0186144,0.713531,-0.700376,-0.453774,0.0770082,0.697393,0.712539,0.363841,0.996857,-0.0671981,-0.0419662,0.610406
0.0186144,0.713531,-0.700376,-0.453774,0.0770082,0.697393,0.712539,0.363841,0.996857,-0.0671981,-0.0419662,0.610406
0.0179555,0.713563,-0.700361,-0.453806,0.0776693,0.697361,0.712499,0.363866,0.996817,-0.0671898,-0.0429005,0.610127
0.0179555,0.713563,-0.700361,-0.453806,0.0776693,0.697361,0.712499,0.363866,0.996817,-0.0671898,-0.0429005,0.610127
0.0179425,0.713559,-0.700365,-0.453812,0.0776817,0.697366,0.712493,0.363867,0.996817,-0.0671894,-0.042918,0.610117
0.0172237,0.713608,-0.700333,-0.45384,0.0784142,0.697316,0.712462,0.363894,0.996772,-0.0671873,-0.0439466,0.609813
0.0172237,0.713608,-0.700333,-0.45384,0.0784142,0.697316,0.712462,0.363894,0.996772,-0.0671873,-0.0439466,0.609813
0.016393,0.713661,-0.700299,-0.453876,0.0792078,0.697265,0.712424,0.363927,0.996723,-0.0671479,-0.0450972,0.609468
0.016393,0.713661,-0.700299,-0.453876,0.0792078,0.697265,0.712424,0.363927,0.996723,-0.0671479,-0.0450972,0.609468
0.0163925,0.713656,-0.700304,-0.453879,0.0792079,0.69727,0.712419,0.363924,0.996723,-0.0671479,-0.0450972,0.609468
0.0155002,0.713717,-0.700263,-0.453912,0.0800869,0.697211,0.712378,0.363957,0.996667,-0.0671239,-0.0463524,0.609096
0.0155002,0.713717,-0.700263,-0.453912,0.0800869,0.697211,0.712378,0.363957,0.996667,-0.0671239,-0.0463524,0.609096
0.0145574,0.713771,-0.700227,-0.453955,0.0810148,0.697157,0.712326,0.363989,0.996607,-0.0670984,-0.0476772,0.608699
0.0145574,0.713771,-0.700227,-0.453955,0.0810148,0.697157,0.712326,0.363989,0.996607,-0.0670984,-0.0476772,0.608699
0.0145688,0.713762,-0.700237,-0.453956,0.0810027,0.697167,0.712318,0.363979,0.996607,-0.0670987,-0.0476598,0.608709
0.0133421,0.713845,-0.700177,-0.454,0.0822111,0.697085,0.712259,0.364024,0.996526,-0.0670653,-0.0493854,0.608198
0.0133421,0.713845,-0.700177,-0.454,0.0822111,0.697085,0.712259,0.364024,0.996526,-0.0670653,-0.0493854,0.608198
0.0119405,0.713927,-0.700119,-0.454057,0.0835904,0.697005,0.712177,0.364065,0.996429,-0.067027,-0.0513549,0.607615
0.0119405,0.713927,-0.700119,-0.454057,0.0835904,0.697005,0.712177,0.364065,0.996429,-0.067027,-0.0513549,0.607615
0.0119386,0.713911,-0.700135,-0.454066,0.0835907,0.697021,0.712161,0.364055,0.996429,-0.067027,-0.0513549,0.607615
0.0103651,0.714017,-0.700052,-0.454121,0.0851405,0.696917,0.71208,0.36411,0.996315,-0.0669836,-0.0535681,0.60696
0.0103651,0.714017,-0.700052,-0.454121,0.0851405,0.696917,0.71208,0.36411,0.996315,-0.0669836,-0.0535681,0.60696
0.00864022,0.714113,-0.699977,-0.454188,0.0868505,0.696822,0.711966,0.364161,0.996184,-0.0669449,-0.0560004,0.606242
0.00864022,0.714113,-0.699977,-0.454188,0.0868505,0.696822,0.711966,0.364161,0.996184,-0.0669449,-0.0560004,0.606242
0.00863825,0.714097,-0.699993,-0.454196,0.0868507,0.696838,0.71195,0.364151,0.996184,-0.0669449,-0.0560004,0.606242
0.00701557,0.714206,-0.6999,-0.454251,0.0884488,0.696731,0.711859,0.364205,0.996056,-0.0668995,-0.0582827,0.605565
0.00701557,0.714206,-0.6999,-0.454251,0.0884488,0.696731,0.711859,0.364205,0.996056,-0.0668995,-0.0582827,0.605565
0.00511891,0.71432,-0.699801,-0.454321,0.0903152,0.696619,0.711734,0.364259,0.9959,-0.0668459,-0.060948,0.604775
0.00511891,0.71432,-0.699801,-0.454321,0.0903152,0.696619,0.711734,0.364259,0.9959,-0.0668459,-0.060948,0.604775
0.0051167,0.714303,-0.699818,-0.45433,0.0903153,0.696637,0.711716,0.364248,0.9959,-0.0668459,-0.060948,0.604775
0.00323438,0.714429,-0.6997,-0.454391,0.0921689,0.696512,0.7116,0.364308,0.995738,-0.0667922,-0.0635954,0.603989
0.00323438,0.714429,-0.6997,-0.454391,0.0921689,0.696512,0.7116,0.364308,0.995738,-0.0667922,-0.0635954,0.603989
0.0011391,0.714549,-0.699585,-0.454469,0.0942296,0.696396,0.711445,0.36436,0.99555,-0.066732,-0.0665384,0.603115
0.0011391,0.714549,-0.699585,-0.454469,0.0942296,0.696396,0.711445,0.36436,0.99555,-0.066732,-0.0665384,0.603115
0.00112343,0.714525,-0.699609,-0.454485,0.0942418,0.69642,0.71142,0.364348,0.995549,-0.0667316,-0.0665558,0.603105
-0.000882026,0.714659,-0.699473,-0.454547,0.096192,0.69629,0.711286,0.364408,0.995362,-0.0666563,-0.0693586,0.602272
-0.000882026,0.714659,-0.699473,-0.454547,0.096192,0.69629,0.711286,0.364408,0.995362,-0.0666563,-0.0693586,0.602272
-0.00272921,0.714762,-0.699363,-0.454621,0.0980079,0.69619,0.711136,0.364456,0.995182,-0.0666022,-0.0719523,0.601491
-0.00272921,0.714762,-0.699363,-0.454621,0.0980079,0.69619,0.711136,0.364456,0.995182,-0.0666022,-0.0719523,0.601491
-0.00278146,0.714745,-0.699379,-0.454648,0.0980566,0.696206,0.711113,0.364459,0.995177,-0.0666008,-0.0720219,0.60145
-0.0049101,0.714888,-0.699222,-0.45471,0.100152,0.696066,0.710958,0.364521,0.99496,-0.0665378,-0.0750154,0.60056
-0.0049101,0.714888,-0.699222,-0.45471,0.100152,0.696066,0.710958,0.364521,0.99496,-0.0665378,-0.0750154,0.60056
-0.00711716,0.715006,-0.699082,-0.454791,0.102334,0.69595,0.710761,0.364575,0.994725,-0.0664814,-0.0781228,0.599629
-0.00711716,0.715006,-0.699082,-0.454791,0.102334,0.69595,0.710761,0.364575,0.994725,-0.0664814,-0.0781228,0.599629
-0.00714529,0.714985,-0.699104,-0.454811,0.102358,0.695972,0.710736,0.364568,0.994722,-0.0664807,-0.0781576,0.599609
-0.00939678,0.715135,-0.698923,-0.454873,0.104575,0.695824,0.710558,0.364629,0.994473,-0.0664127,-0.0813236,0.598667
-0.00939678,0.715135,-0.698923,-0.454873,0.104575,0.695824,0.710558,0.364629,0.994473,-0.0664127,-0.0813236,0.598667
-0.0115152,0.715253,-0.698771,-0.454941,0.106656,0.695709,0.710362,0.364669,0.994229,-0.0663483,-0.0842974,0.597781
-0.0115152,0.715253,-0.698771,-0.454941,0.106656,0.695709,0.710362,0.364669,0.994229,-0.0663483,-0.0842974,0.597781
-0.011518,0.715235,-0.698789,-0.45495,0.106656,0.695728,0.710343,0.364657,0.994229,-0.0663483,-0.0842974,0.597781
-0.011518,0.715235,-0.698789,-0.45495,0.106656,0.695728,0.710343,0.364657,0.994229,-0.0663483,-0.0842974,0.597781
-0.011518,0.715235,-0.698789,-0.45495,0.106656,0.695728,0.710343,0.364657,0.994229,-0.0663483,-0.0842974,0.597781
-0.0164915,0.715544,-0.698373,-0.455086,0.111547,0.695424,0.709889,0.364765,0.993622,-0.0661944,-0.0912856,0.595698
-0.0164915,0.715544,-0.698373,-0.455086,0.111547,0.695424,0.709889,0.364765,0.993622,-0.0661944,-0.0912856,0.595698
-0.016495,0.715523,-0.698395,-0.455097,0.111547,0.695446,0.709867,0.36475,0.993622,-0.0661944,-0.0912856,0.595698
-0.018806,0.715677,-0.698179,-0.455151,0.113821,0.695295,0.709655,0.364804,0.993323,-0.0661218,-0.0945349,0.594729
-0.018806,0.715677,-0.698179,-0.455151,0.113821,0.695295,0.709655,0.364804,0.993323,-0.0661218,-0.0945349,0.594729
-0.0213925,0.715822,-0.697955,-0.455223,0.116362,0.695153,0.709381,0.364843,0.992977,-0.0660397,-0.0981652,0.593645
-0.0213925,0.715822,-0.697955,-0.455223,0.116362,0.695153,0.709381,0.364843,0.992977,-0.0660397,-0.0981652,0.593645
-0.0214004,0.715774,-0.698004,-0.455248,0.11636,0.695202,0.709334,0.364812,0.992977,-0.0660397,-0.0981652,0.593645
-0.0240189,0.715948,-0.69774,-0.455304,0.118936,0.695031,0.709074,0.364867,0.992611,-0.0659556,-0.101846,0.592546
-0.0240189,0.715948,-0.69774,-0.455304,0.118936,0.695031,0.709074,0.364867,0.992611,-0.0659556,-0.101846,0.592546
-0.0267553,0.716085,-0.6975,-0.455383,0.12162,0.694899,0.708749,0.364892,0.992216,-0.0658669,-0.105682,0.591399
-0.0267553,0.716085,-0.6975,-0.455383,0.12162,0.694899,0.708749,0.364892,0.992216,-0.0658669,-0.105682,0.591399
-0.0267646,0.716031,-0.697555,-0.455411,0.121617,0.694954,0.708695,0.364857,0.992216,-0.0658669,-0.105682,0.591399
-0.0294431,0.716209,-0.697264,-0.455462,0.124252,0.694779,0.708409,0.364907,0.991814,-0.0657789,-0.109447,0.590273
-0.0294431,0.716209,-0.697264,-0.455462,0.124252,0.694779,0.708409,0.364907,0.991814,-0.0657789,-0.109447,0.590273
-0.0321798,0.716335,-0.697014,-0.455539,0.126932,0.694657,0.708053,0.364919,0.991389,-0.0656883,-0.11328,0.589126
-0.0321798,0.716335,-0.697014,-0.455539,0.126932,0.694657,0.708053,0.364919,0.991389,-0.0656883,-0.11328,0.589126
-0.0321877,0.716292,-0.697058,-0.455562,0.12693,0.694702,0.708009,0.364891,0.991389,-0.0656883,-0.11328,0.589126
-0.0348396,0.716467,-0.69675,-0.455607,0.129538,0.69453,0.707707,0.364935,0.990962,-0.0655992,-0.117007,0.58801
-0.0348396,0.716467,-0.69675,-0.455607,0.129538,0.69453,0.707707,0.364935,0.990962,-0.0655992,-0.117007,0.58801
-0.0372142,0.716585,-0.696506,-0.455672,0.131864,0.694416,0.707389,0.364953,0.990569,-0.0655188,-0.120334,0.587003
-0.0372142,0.716585,-0.696506,-0.455672,0.131864,0.694416,0.707389,0.364953,0.990569,-0.0655188,-0.120334,0.587003
-0.0372207,0.716551,-0.696541,-0.45569,0.131862,0.694451,0.707355,0.364931,0.990569,-0.0655188,-0.120334,0.587003
-0.0397967,0.716721,-0.696223,-0.455728,0.134394,0.694283,0.707042,0.364968,0.990128,-0.0654305,-0.123954,0.585918
-0.0397967,0.716721,-0.696223,-0.455728,0.134394,0.694283,0.707042,0.364968,0.990128,-0.0654305,-0.123954,0.585918
-0.0424133,0.71687,-0.695916,-0.45578,0.136961,0.694139,0.706692,0.364991,0.989668,-0.0653401,-0.127624,0.584812
-0.0424133,0.71687,-0.695916,-0.45578,0.136961,0.694139,0.706692,0.364991,0.989668,-0.0653401,-0.127624,0.584812
-0.0424304,0.716846,-0.695939,-0.455796,0.136971,0.694163,0.706666,0.364979,0.989666,-0.0653397,-0.127641,0.584802
-0.044918,0.717011,-0.695614,-0.455827,0.139417,0.694001,0.706346,0.365009,0.989214,-0.0652526,-0.131137,0.583753
-0.044918,0.717011,-0.695614,-0.455827,0.139417,0.694001,0.706346,0.365009,0.989214,-0.0652526,-0.131137,0.583753
-0.0475951,0.717157,-0.695285,-0.45587,0.142055,0.693858,0.705961,0.365024,0.988714,-0.0651683,-0.1349,0.582625
-0.0475951,0.717157,-0.695285,-0.45587,0.142055,0.693858,0.705961,0.365024,0.988714,-0.0651683,-0.1349,0.582625
-0.0476006,0.71713,-0.695312,-0.455884,0.142053,0.693886,0.705934,0.365007,0.988714,-0.0651683,-0.1349,0.582625
-0.0499506,0.717285,-0.694987,-0.455908,0.144363,0.693734,0.705615,0.36503,0.988263,-0.0650845,-0.138202,0.581633
-0.0499506,0.717285,-0.694987,-0.455908,0.144363,0.693734,0.705615,0.36503,0.988263,-0.0650845,-0.138202,0.581633
-0.0524508,0.717433,-0.69465,-0.455941,0.14684,0.693587,0.705248,0.365042,0.987769,-0.0650114,-0.141727,0.580572
-0.0524508,0.717433,-0.69465,-0.455941,0.14684,0.693587,0.705248,0.365042,0.987769,-0.0650114,-0.141727,0.580572
-0.0524549,0.717414,-0.69467,-0.455951,0.146838,0.693607,0.705228,0.365029,0.987769,-0.0650114,-0.141727,0.580572
-0.0550119,0.71758,-0.6943,-0.455972,0.149327,0.693446,0.704865,0.365049,0.987256,-0.0649017,-0.145302,0.579497
-0.0550119,0.71758,-0.6943,-0.455972,0.149327,0.693446,0.704865,0.365049,0.987256,-0.0649017,-0.145302,0.579497
-0.0575239,0.71772,-0.693952,-0.456004,0.151812,0.693308,0.70447,0.36505,0.986734,-0.0648265,-0.14884,0.578431
-0.0575239,0.71772,-0.693952,-0.456004,0.151812,0.693308,0.70447,0.36505,0.986734,-0.0648265,-0.14884,0.578431
-0.0575313,0.717686,-0.693986,-0.456022,0.151809,0.693343,0.704436,0.365027,0.986734,-0.0648265,-0.14884,0.578431
-0.057519,0.717685,-0.693988,-0.456018,0.151797,0.693344,0.704437,0.365024,0.986737,-0.0648269,-0.148823,0.578441
-0.057519,0.717685,-0.693988,-0.456018,0.151797,0.693344,0.704437,0.365024,0.986737,-0.0648269,-0.148823,0.578441
-0.0626599,0.717982,-0.693236,-0.456068,0.156836,0.693054,0.703618,0.365025,0.985635,-0.0646359,-0.156032,0.576268
-0.0626599,0.717982,-0.693236,-0.456068,0.156836,0.693054,0.703618,0.365025,0.985635,-0.0646359,-0.156032,0.576268
-0.0626667,0.717952,-0.693266,-0.456084,0.156834,0.693085,0.703588,0.365005,0.985635,-0.0646359,-0.156032,0.576268
-0.065059,0.718109,-0.692883,-0.456093,0.159184,0.692931,0.703212,0.365015,0.985103,-0.0645456,-0.159393,0.575254
-0.065059,0.718109,-0.692883,-0.456093,0.159184,0.692931,0.703212,0.365015,0.985103,-0.0645456,-0.159393,0.575254
-0.0676303,0.718239,-0.692502,-0.456124,0.161698,0.692805,0.702762,0.365001,0.98452,-0.0644479,-0.162992,0.574163
-0.0676303,0.718239,-0.692502,-0.456124,0.161698,0.692805,0.702762,0.365001,0.98452,-0.0644479,-0.162992,0.574163
-0.0676413,0.718192,-0.69255,-0.456149,0.161693,0.692854,0.702715,0.36497,0.98452,-0.0644479,-0.162992,0.574163
-0.0701659,0.718357,-0.692127,-0.456153,0.164173,0.692692,0.7023,0.364974,0.983933,-0.0643509,-0.166538,0.573092
-0.0701659,0.718357,-0.692127,-0.456153,0.164173,0.692692,0.7023,0.364974,0.983933,-0.0643509,-0.166538,0.573092
-0.0727166,0.718459,-0.691758,-0.456192,0.166656,0.692596,0.70181,0.364937,0.98333,-0.0642525,-0.170099,0.572011
-0.0727166,0.718459,-0.691758,-0.456192,0.166656,0.692596,0.70181,0.364937,0.98333,-0.0642525,-0.170099,0.572011
-0.0727472,0.718383,-0.691833,-0.456236,0.16666,0.692674,0.701732,0.364891,0.983327,-0.064252,-0.170116,0.572
-0.0751713,0.718542,-0.69141,-0.456235,0.16904,0.692518,0.701316,0.36489,0.982738,-0.0641572,-0.17352,0.570971
-0.0751713,0.718542,-0.69141,-0.456235,0.16904,0.692518,0.701316,0.36489,0.982738,-0.0641572,-0.17352,0.570971
-0.0774624,0.718629,-0.691066,-0.456272,0.171268,0.692437,0.700856,0.364853,0.982175,-0.0640673,-0.176716,0.569994
-0.0774624,0.718629,-0.691066,-0.456272,0.171268,0.692437,0.700856,0.364853,0.982175,-0.0640673,-0.176716,0.569994
-0.0775116,0.71858,-0.691111,-0.45631,0.171298,0.692487,0.700799,0.36483,0.982165,-0.0640659,-0.176767,0.569964
-0.0800935,0.718742,-0.690648,-0.456303,0.173844,0.692328,0.700329,0.364824,0.981511,-0.0639736,-0.1804,0.568867
-0.0800935,0.718742,-0.690648,-0.456303,0.173844,0.692328,0.700329,0.364824,0.981511,-0.0639736,-0.1804,0.568867
-0.0826219,0.718864,-0.690224,-0.456324,0.17631,0.69221,0.699828,0.364795,0.980861,-0.0638725,-0.183935,0.567786
-0.0826219,0.718864,-0.690224,-0.456324,0.17631,0.69221,0.699828,0.364795,0.980861,-0.0638725,-0.183935,0.567786
-0.082655,0.718831,-0.690253,-0.456349,0.17633,0.692244,0.69979,0.364779,0.980855,-0.0638715,-0.183969,0.567765
-0.0851115,0.718985,-0.689795,-0.456337,0.178753,0.692093,0.699324,0.364768,0.980206,-0.0637826,-0.187426,0.56672
-0.0851115,0.718985,-0.689795,-0.456337,0.178753,0.692093,0.699324,0.364768,0.980206,-0.0637826,-0.187426,0.56672
-0.0876625,0.719103,-0.689352,-0.456348,0.181253,0.691979,0.698793,0.36473,0.979522,-0.0636894,-0.191,0.565634
-0.0876625,0.719103,-0.689352,-0.456348,0.181253,0.691979,0.698793,0.36473,0.979522,-0.0636894,-0.191,0.565634
-0.0876746,0.719057,-0.689399,-0.456372,0.181247,0.692027,0.698748,0.3647,0.979522,-0.0636894,-0.191,0.565634
-0.0899678,0.719208,-0.688945,-0.456356,0.183522,0.691877,0.698303,0.364684,0.97889,-0.0636115,-0.194237,0.564652
-0.0899678,0.719208,-0.688945,-0.456356,0.183522,0.691877,0.698303,0.364684,0.97889,-0.0636115,-0.194237,0.564652
-0.0925924,0.71932,-0.688481,-0.456366,0.186073,0.691771,0.697732,0.364626,0.978163,-0.0635032,-0.197899,0.56354
-0.0925924,0.71932,-0.688481,-0.456366,0.186073,0.691771,0.697732,0.364626,0.978163,-0.0635032,-0.197899,0.56354
-0.0926122,0.719246,-0.688555,-0.456405,0.186063,0.691847,0.697659,0.364577,0.978163,-0.0635032,-0.197899,0.56354
-0.095355,0.719417,-0.688001,-0.45638,0.188766,0.691678,0.6971,0.364553,0.977382,-0.063399,-0.201756,0.56237
-0.095355,0.719417,-0.688001,-0.45638,0.188766,0.691678,0.6971,0.364553,0.977382,-0.063399,-0.201756,0.56237
-0.0982648,0.719468,-0.687539,-0.456415,0.191593,0.691635,0.696371,0.364443,0.976543,-0.0632988,-0.205808,0.561144
-0.0982648,0.719468,-0.687539,-0.456415,0.191593,0.691635,0.696371,0.364443,0.976543,-0.0632988,-0.205808,0.561144
-0.0983223,0.71926,-0.687748,-0.456525,0.191563,0.691851,0.696165,0.364306,0.976543,-0.0632988,-0.205808,0.561144
-0.100809,0.719402,-0.687239,-0.456496,0.194037,0.69171,0.69562,0.364278,0.975801,-0.063225,-0.209321,0.560084
-0.100809,0.719402,-0.687239,-0.456496,0.194037,0.69171,0.69562,0.364278,0.975801,-0.063225,-0.209321,0.560084
-0.103757,0.719347,-0.686859,-0.456571,0.196897,0.691774,0.694752,0.364102,0.974919,-0.0631548,-0.213414,0.558853
-0.103757,0.719347,-0.686859,-0.456571,0.196897,0.691774,0.694752,0.364102,0.974919,-0.0631548,-0.213414,0.558853
-0.103832,0.719083,-0.687123,-0.456709,0.196857,0.692048,0.69449,0.363929,0.974919,-0.0631548,-0.213414,0.558853
-0.106658,0.719241,-0.686525,-0.45667,0.199671,0.691891,0.693843,0.36389,0.974041,-0.0630757,-0.217407,0.557648
-0.106658,0.719241,-0.686525,-0.45667,0.199671,0.691891,0.693843,0.36389,0.974041,-0.0630757,-0.217407,0.557648
-0.109654,0.719019,-0.686285,-0.456831,0.202467,0.692131,0.692793,0.36359,0.973131,-0.0629824,-0.221473,0.556417
-0.109654,0.719019,-0.686285,-0.456831,0.202467,0.692131,0.692793,0.36359,0.973131,-0.0629824,-0.221473,0.556417
-0.109781,0.718586,-0.686718,-0.457059,0.202398,0.69258,0.692364,0.363304,0.973131,-0.0629824,-0.221473,0.556417
-0.112627,0.718752,-0.686084,-0.457012,0.205214,0.692417,0.691698,0.363259,0.972215,-0.0628899,-0.225483,0.555202
-0.112627,0.718752,-0.686084,-0.457012,0.205214,0.692417,0.691698,0.363259,0.972215,-0.0628899,-0.225483,0.555202
-0.115431,0.718345,-0.686044,-0.457255,0.207762,0.692844,0.690509,0.362856,0.971345,-0.0628274,-0.229221,0.554071
-0.115431,0.718345,-0.686044,-0.457255,0.207762,0.692844,0.690509,0.362856,0.971345,-0.0628274,-0.229221,0.554071
-0.115685,0.717704,-0.686671,-0.45761,0.207713,0.693508,0.689856,0.362448,0.971325,-0.0628247,-0.229306,0.55402
-0.11855,0.71784,-0.686041,-0.457556,0.210599,0.693371,0.689119,0.362395,0.970358,-0.0627845,-0.233375,0.552801
-0.11855,0.71784,-0.686041,-0.457556,0.210599,0.693371,0.689119,0.362395,0.970358,-0.0627845,-0.233375,0.552801
-0.121688,0.71732,-0.686035,-0.45786,0.213436,0.693914,0.687698,0.361919,0.969349,-0.0627404,-0.237543,0.551526
-0.121688,0.71732,-0.686035,-0.45786,0.213436,0.693914,0.687698,0.361919,0.969349,-0.0627404,-0.237543,0.551526
-0.121915,0.716619,-0.686727,-0.458229,0.213325,0.694637,0.687002,0.36146,0.969345,-0.0627399,-0.23756,0.551516
-0.124538,0.716733,-0.686137,-0.458173,0.215977,0.694521,0.68629,0.361405,0.968424,-0.0627206,-0.241292,0.5504
-0.124538,0.716733,-0.686137,-0.458173,0.215977,0.694521,0.68629,0.361405,0.968424,-0.0627206,-0.241292,0.5504
-0.127812,0.716105,-0.686191,-0.458498,0.218914,0.69517,0.6847,0.360839,0.967337,-0.0627041,-0.245617,0.549109
-0.127812,0.716105,-0.686191,-0.458498,0.218914,0.69517,0.6847,0.360839,0.967337,-0.0627041,-0.245617,0.549109
-0.128034,0.7154,-0.686885,-0.458864,0.218785,0.695896,0.684004,0.360374,0.967337,-0.0627041,-0.245617,0.549109
-0.131169,0.715536,-0.686151,-0.458789,0.221945,0.695758,0.683126,0.360301,0.966196,-0.0626827,-0.250071,0.547777
-0.131169,0.715536,-0.686151,-0.458789,0.221945,0.695758,0.683126,0.360301,0.966196,-0.0626827,-0.250071,0.547777
-0.134616,0.714806,-0.686245,-0.459148,0.225013,0.696507,0.681357,0.359662,0.965012,-0.0626925,-0.254601,0.54643
-0.134616,0.714806,-0.686245,-0.459148,0.225013,0.696507,0.681357,0.359662,0.965012,-0.0626925,-0.254601,0.54643
-0.134851,0.714076,-0.686958,-0.459525,0.224871,0.697256,0.680638,0.359181,0.965012,-0.0626925,-0.254601,0.54643
-0.137881,0.714182,-0.686245,-0.459444,0.227966,0.697144,0.679722,0.359103,0.963857,-0.0627197,-0.258933,0.545145
-0.137881,0.714182,-0.686245,-0.459444,0.227966,0.697144,0.679722,0.359103,0.963857,-0.0627197,-0.258933,0.545145
-0.141514,0.713382,-0.686338,-0.459805,0.231264,0.697955,0.677773,0.358429,0.962544,-0.0628107,-0.26375,0.543732
-0.141514,0.713382,-0.686338,-0.459805,0.231264,0.697955,0.677773,0.358429,0.962544,-0.0628107,-0.26375,0.543732
-0.14179,0.712547,-0.687148,-0.460234,0.231094,0.698807,0.676952,0.357879,0.962544,-0.0628107,-0.26375,0.543732
-0.14529,0.712644,-0.686315,-0.46013,0.234709,0.6987,0.675818,0.357779,0.961146,-0.0628946,-0.268779,0.542252
-0.14529,0.712644,-0.686315,-0.46013,0.234709,0.6987,0.675818,0.357779,0.961146,-0.0628946,-0.268779,0.542252
-0.14879,0.711803,-0.686439,-0.460527,0.237675,0.699559,0.673891,0.357038,0.959881,-0.0628812,-0.273265,0.540912
-0.14879,0.711803,-0.686439,-0.460527,0.237675,0.699559,0.673891,0.357038,0.959881,-0.0628812,-0.273265,0.540912
-0.149121,0.710863,-0.68734,-0.461009,0.237486,0.700514,0.672964,0.356422,0.959877,-0.0628807,-0.273282,0.540902
-0.15283,0.711018,-0.686365,-0.460888,0.241194,0.700357,0.671807,0.356306,0.958368,-0.0628754,-0.278529,0.53933
-0.15283,0.711018,-0.686365,-0.460888,0.241194,0.700357,0.671807,0.356306,0.958368,-0.0628754,-0.278529,0.53933
-0.156834,0.710158,-0.686352,-0.461261,0.244698,0.701225,0.669632,0.355539,0.956831,-0.0629283,-0.28375,0.53778
-0.156834,0.710158,-0.686352,-0.461261,0.244698,0.701225,0.669632,0.355539,0.956831,-0.0629283,-0.28375,0.53778
-0.157173,0.709184,-0.687281,-0.461754,0.244481,0.702209,0.668679,0.354899,0.956831,-0.0629283,-0.28375,0.53778
-0.160576,0.709326,-0.686347,-0.461631,0.247867,0.702066,0.667582,0.354783,0.955394,-0.0629253,-0.288553,0.53634
-0.160576,0.709326,-0.686347,-0.461631,0.247867,0.702066,0.667582,0.354783,0.955394,-0.0629253,-0.288553,0.53634
-0.164654,0.708578,-0.686153,-0.461962,0.251307,0.702827,0.665492,0.354033,0.9538,-0.0628594,-0.293794,0.53475
-0.164654,0.708578,-0.686153,-0.461962,0.251307,0.702827,0.665492,0.354033,0.9538,-0.0628594,-0.293794,0.53475
-0.164952,0.707744,-0.686942,-0.462382,0.251112,0.703667,0.664677,0.353485,0.9538,-0.0628594,-0.293794,0.53475
-0.168648,0.707935,-0.685847,-0.462236,0.254696,0.703481,0.663509,0.353347,0.952201,-0.0627834,-0.298949,0.533182
-0.168648,0.707935,-0.685847,-0.462236,0.254696,0.703481,0.663509,0.353347,0.952201,-0.0627834,-0.298949,0.533182
-0.172842,0.707245,-0.685515,-0.462504,0.25833,0.704176,0.661364,0.352635,0.950469,-0.0627776,-0.304413,0.531538
-0.172842,0.707245,-0.685515,-0.462504,0.25833,0.704176,0.661364,0.352635,0.950469,-0.0627776,-0.304413,0.531538
-0.173147,0.706411,-0.686297,-0.462921,0.258125,0.705012,0.660552,0.352088,0.950469,-0.0627776,-0.304413,0.531538
-0.176759,0.706525,-0.685258,-0.462767,0.261772,0.704891,0.659245,0.351943,0.948805,-0.0628539,-0.309545,0.530014
-0.176759,0.706525,-0.685258,-0.462767,0.261772,0.704891,0.659245,0.351943,0.948805,-0.0628539,-0.309545,0.530014
-0.181046,0.705986,-0.684694,-0.462935,0.265589,0.70543,0.657139,0.351316,0.946934,-0.0628746,-0.315217,0.528311
