0.0224921,0.713362,-0.700435,-0.55813,0.0731573,0.69756,0.712782,0.470142,0.997067,-0.0672739,-0.036498,0.606642
0.0224921,0.713362,-0.700435,-0.55813,0.0731573,0.69756,0.712782,0.470142,0.997067,-0.0672739,-0.036498,0.606642
0.0224921,0.713362,-0.700435,-0.55813,0.0731573,0.69756,0.712782,0.470142,0.997067,-0.0672739,-0.036498,0.606642
0.0224921,0.713362,-0.700435,-0.55813,0.0731573,0.69756,0.712782,0.470142,0.997067,-0.0672739,-0.036498,0.606642
0.0224921,0.713362,-0.700435,-0.55813,0.0731573,0.69756,0.712782,0.470142,0.997067,-0.0672739,-0.036498,0.606642
0.0224921,0.713362,-0.700435,-0.55813,0.0731573,0.69756,0.712782,0.470142,0.997067,-0.0672739,-0.036498,0.606642
0.0224921,0.713362,-0.700435,-0.55813,0.0731573,0.69756,0.712782,0.470142,0.997067,-0.0672739,-0.036498,0.606642
0.0224921,0.713362,-0.700435,-0.55813,0.0731573,0.69756,0.712782,0.470142,0.997067,-0.0672739,-0.036498,0.606642
0.0224921,0.713362,-0.700435,-0.55813,0.0731573,0.69756,0.712782,0.470142,0.997067,-0.0672739,-0.036498,0.606642
0.0224921,0.713362,-0.700435,-0.55813,0.0731573,0.69756,0.712782,0.470142,0.997067,-0.0672739,-0.036498,0.606642
0.0224921,0.713362,-0.700435,-0.55813,0.0731573,0.69756,0.712782,0.470142,0.997067,-0.0672739,-0.036498,0.606642
0.0224921,0.713362,-0.700435,-0.55813,0.0731573,0.69756,0.712782,0.470142,0.997067,-0.0672739,-0.036498,0.606642
0.0224921,0.713362,-0.700435,-0.55813,0.0731573,0.69756,0.712782,0.470142,0.997067,-0.0672739,-0.036498,0.606642
0.0224921,0.713362,-0.700435,-0.55813,0.0731573,0.69756,0.712782,0.470142,0.997067,-0.0672739,-0.036498,0.606642
0.0224921,0.713362,-0.700435,-0.55813,0.0731573,0.69756,0.712782,0.470142,0.997067,-0.0672739,-0.036498,0.606642
0.0224921,0.713362,-0.700435,-0.55813,0.0731573,0.69756,0.712782,0.470142,0.997067,-0.0672739,-0.036498,0.606642
0.0224921,0.713362,-0.700435,-0.55813,0.0731573,0.69756,0.712782,0.470142,0.997067,-0.0672739,-0.036498,0.606642
0.0224921,0.713362,-0.700435,-0.55813,0.0731573,0.69756,0.712782,0.470142,0.997067,-0.0672739,-0.036498,0.606642
0.0224921,0.713362,-0.700435,-0.55813,0.0731573,0.69756,0.712782,0.470142,0.997067,-0.0672739,-0.036498,0.606642
0.0224921,0.713362,-0.700435,-0.55813,0.0731573,0.69756,0.712782,0.470142,0.997067,-0.0672739,-0.036498,0.606642
0.0224921,0.713362,-0.700435,-0.55813,0.0731573,0.69756,0.712782,0.470142,0.997067,-0.0672739,-0.036498,0.606642
0.0224921,0.713362,-0.700435,-0.55813,0.0731573,0.69756,0.712782,0.470142,0.997067,-0.0672739,-0.036498,0.606642
0.0224921,0.713362,-0.700435,-0.55813,0.0731573,0.69756,0.712782,0.470142,0.997067,-0.0672739,-0.036498,0.606642
0.0224921,0.713362,-0.700435,-0.55813,0.0731573,0.69756,0.712782,0.470142,0.997067,-0.0672739,-0.036498,0.606642
0.0224921,0.713362,-0.700435,-0.55813,0.0731573,0.69756,0.712782,0.470142,0.997067,-0.0672739,-0.036498,0.606642
0.0224921,0.713362,-0.700435,-0.55813,0.0731573,0.69756,0.712782,0.470142,0.997067,-0.0672739,-0.036498,0.606642
0.0224921,0.713362,-0.700435,-0.55813,0.0731573,0.69756,0.712782,0.470142,0.997067,-0.0672739,-0.036498,0.606642
0.0224921,0.713362,-0.700435,-0.55813,0.0731573,0.69756,0.712782,0.470142,0.997067,-0.0672739,-0.036498,0.606642
0.0224921,0.713362,-0.700435,-0.55813,0.0731573,0.69756,0.712782,0.470142,0.997067,-0.0672739,-0.036498,0.606642
0.0224921,0.713362,-0.700435,-0.55813,0.0731573,0.69756,0.712782,0.470142,0.997067,-0.0672739,-0.036498,0.606642
0.0224919,0.71336,-0.700436,-0.558131,0.0731573,0.697561,0.712781,0.470141,0.997067,-0.0672739,-0.036498,0.606642
0.0224919,0.71336,-0.700436,-0.558131,0.0731573,0.697561,0.712781,0.470141,0.997067,-0.0672739,-0.036498,0.606642
0.0224919,0.71336,-0.700436,-0.558131,0.0731573,0.697561,0.712781,0.470141,0.997067,-0.0672739,-0.036498,0.606642
0.0224919,0.71336,-0.700436,-0.558131,0.0731573,0.697561,0.712781,0.470141,0.997067,-0.0672739,-0.036498,0.606642
0.0224919,0.71336,-0.700436,-0.558131,0.0731573,0.697561,0.712781,0.470141,0.997067,-0.0672739,-0.036498,0.606642
0.0224919,0.71336,-0.700436,-0.558131,0.0731573,0.697561,0.712781,0.470141,0.997067,-0.0672739,-0.036498,0.606642
0.0224919,0.71336,-0.700436,-0.558131,0.0731573,0.697561,0.712781,0.470141,0.997067,-0.0672739,-0.036498,0.606642
0.0224919,0.71336,-0.700436,-0.558131,0.0731573,0.697561,0.712781,0.470141,0.997067,-0.0672739,-0.036498,0.606642
0.0224919,0.71336,-0.700436,-0.558131,0.0731573,0.697561,0.712781,0.470141,0.997067,-0.0672739,-0.036498,0.606642
0.0224919,0.71336,-0.700436,-0.558131,0.0731573,0.697561,0.712781,0.470141,0.997067,-0.0672739,-0.036498,0.606642
0.0224919,0.71336,-0.700436,-0.558131,0.0731573,0.697561,0.712781,0.470141,0.997067,-0.0672739,-0.036498,0.606642
0.0224919,0.71336,-0.700436,-0.558131,0.0731573,0.697561,0.712781,0.470141,0.997067,-0.0672739,-0.036498,0.606642
0.0224919,0.71336,-0.700436,-0.558131,0.0731573,0.697561,0.712781,0.470141,0.997067,-0.0672739,-0.036498,0.606642
0.0224919,0.71336,-0.700436,-0.558131,0.0731573,0.697561,0.712781,0.470141,0.997067,-0.0672739,-0.036498,0.606642
0.0224919,0.71336,-0.700436,-0.558131,0.0731573,0.697561,0.712781,0.470141,0.997067,-0.0672739,-0.036498,0.606642
0.0224919,0.71336,-0.700436,-0.558131,0.0731573,0.697561,0.712781,0.470141,0.997067,-0.0672739,-0.036498,0.606642
0.0224919,0.71336,-0.700436,-0.558131,0.0731573,0.697561,0.712781,0.470141,0.997067,-0.0672739,-0.036498,0.606642
0.0224919,0.71336,-0.700436,-0.558131,0.0731573,0.697561,0.712781,0.470141,0.997067,-0.0672739,-0.036498,0.606642
0.0224919,0.71336,-0.700436,-0.558131,0.0731573,0.697561,0.712781,0.470141,0.997067,-0.0672739,-0.036498,0.606642
0.0224919,0.71336,-0.700436,-0.558131,0.0731573,0.697561,0.712781,0.470141,0.997067,-0.0672739,-0.036498,0.606642
0.0224919,0.71336,-0.700436,-0.558131,0.0731573,0.697561,0.712781,0.470141,0.997067,-0.0672739,-0.036498,0.606642
0.0224919,0.71336,-0.700436,-0.558131,0.0731573,0.697561,0.712781,0.470141,0.997067,-0.0672739,-0.036498,0.606642
0.0224919,0.71336,-0.700436,-0.558131,0.0731573,0.697561,0.712781,0.470141,0.997067,-0.0672739,-0.036498,0.606642
0.0224919,0.71336,-0.700436,-0.558131,0.0731573,0.697561,0.712781,0.470141,0.997067,-0.0672739,-0.036498,0.606642
0.0224919,0.71336,-0.700436,-0.558131,0.0731573,0.697561,0.712781,0.470141,0.997067,-0.0672739,-0.036498,0.606642
0.0224917,0.713358,-0.700439,-0.558133,0.0731574,0.697563,0.712779,0.470139,0.997067,-0.0672739,-0.036498,0.606642
0.0224917,0.713358,-0.700439,-0.558133,0.0731574,0.697563,0.712779,0.470139,0.997067,-0.0672739,-0.036498,0.606642
0.0224917,0.713358,-0.700439,-0.558133,0.0731574,0.697563,0.712779,0.470139,0.997067,-0.0672739,-0.036498,0.606642
0.0224917,0.713358,-0.700439,-0.558133,0.0731574,0.697563,0.712779,0.470139,0.997067,-0.0672739,-0.036498,0.606642
0.0224917,0.713358,-0.700439,-0.558133,0.0731574,0.697563,0.712779,0.470139,0.997067,-0.0672739,-0.036498,0.606642
0.0224917,0.713358,-0.700439,-0.558133,0.0731574,0.697563,0.712779,0.470139,0.997067,-0.0672739,-0.036498,0.606642
0.0224917,0.713358,-0.700439,-0.558133,0.0731574,0.697563,0.712779,0.470139,0.997067,-0.0672739,-0.036498,0.606642
0.0224917,0.713358,-0.700439,-0.558133,0.0731574,0.697563,0.712779,0.470139,0.997067,-0.0672739,-0.036498,0.606642
0.0224917,0.713358,-0.700439,-0.558133,0.0731574,0.697563,0.712779,0.470139,0.997067,-0.0672739,-0.036498,0.606642
0.0224917,0.713358,-0.700439,-0.558133,0.0731574,0.697563,0.712779,0.470139,0.997067,-0.0672739,-0.036498,0.606642
0.0224917,0.713358,-0.700439,-0.558133,0.0731574,0.697563,0.712779,0.470139,0.997067,-0.0672739,-0.036498,0.606642
0.0224917,0.713358,-0.700439,-0.558133,0.0731574,0.697563,0.712779,0.470139,0.997067,-0.0672739,-0.036498,0.606642
0.0224916,0.713357,-0.70044,-0.558133,0.0731574,0.697565,0.712777,0.470138,0.997067,-0.0672739,-0.036498,0.606642
0.0224916,0.713357,-0.70044,-0.558133,0.0731574,0.697565,0.712777,0.470138,0.997067,-0.0672739,-0.036498,0.606642
0.0224916,0.713357,-0.70044,-0.558133,0.0731574,0.697565,0.712777,0.470138,0.997067,-0.0672739,-0.036498,0.606642
0.0224916,0.713357,-0.70044,-0.558133,0.0731574,0.697565,0.712777,0.470138,0.997067,-0.0672739,-0.036498,0.606642
0.0224916,0.713357,-0.70044,-0.558133,0.0731574,0.697565,0.712777,0.470138,0.997067,-0.0672739,-0.036498,0.606642
0.0224916,0.713357,-0.70044,-0.558133,0.0731574,0.697565,0.712777,0.470138,0.997067,-0.0672739,-0.036498,0.606642
0.0224916,0.713357,-0.70044,-0.558133,0.0731574,0.697565,0.712777,0.470138,0.997067,-0.0672739,-0.036498,0.606642
0.0224916,0.713357,-0.70044,-0.558133,0.0731574,0.697565,0.712777,0.470138,0.997067,-0.0672739,-0.036498,0.606642
0.0224914,0.713355,-0.700441,-0.558134,0.0731575,0.697566,0.712776,0.470137,0.997067,-0.0672739,-0.036498,0.606642
0.0224914,0.713355,-0.700441,-0.558134,0.0731575,0.697566,0.712776,0.470137,0.997067,-0.0672739,-0.036498,0.606642
0.0224914,0.713355,-0.700441,-0.558134,0.0731575,0.697566,0.712776,0.470137,0.997067,-0.0672739,-0.036498,0.606642
0.0224914,0.713355,-0.700441,-0.558134,0.0731575,0.697566,0.712776,0.470137,0.997067,-0.0672739,-0.036498,0.606642
0.0224914,0.713355,-0.700441,-0.558134,0.0731575,0.697566,0.712776,0.470137,0.997067,-0.0672739,-0.036498,0.606642
0.0224913,0.713354,-0.700443,-0.558135,0.0731575,0.697567,0.712775,0.470136,0.997067,-0.0672739,-0.036498,0.606642
0.0224913,0.713354,-0.700443,-0.558135,0.0731575,0.697567,0.712775,0.470136,0.997067,-0.0672739,-0.036498,0.606642
0.0224913,0.713354,-0.700443,-0.558135,0.0731575,0.697567,0.712775,0.470136,0.997067,-0.0672739,-0.036498,0.606642
0.0224913,0.713354,-0.700443,-0.558135,0.0731575,0.697567,0.712775,0.470136,0.997067,-0.0672739,-0.036498,0.606642
0.0224913,0.713354,-0.700443,-0.558135,0.0731575,0.697567,0.712775,0.470136,0.997067,-0.0672739,-0.036498,0.606642
0.0224912,0.713353,-0.700444,-0.558136,0.0731575,0.697568,0.712774,0.470135,0.997067,-0.0672739,-0.036498,0.606642
0.0224912,0.713353,-0.700444,-0.558136,0.0731575,0.697568,0.712774,0.470135,0.997067,-0.0672739,-0.036498,0.606642
0.022491,0.713352,-0.700445,-0.558137,0.0731576,0.69757,0.712772,0.470134,0.997067,-0.0672739,-0.036498,0.606642
0.022491,0.713352,-0.700445,-0.558137,0.0731576,0.69757,0.712772,0.470134,0.997067,-0.0672739,-0.036498,0.606642
0.022491,0.713352,-0.700445,-0.558137,0.0731576,0.69757,0.712772,0.470134,0.997067,-0.0672739,-0.036498,0.606642
0.0224909,0.713351,-0.700446,-0.558138,0.0731576,0.697571,0.712771,0.470133,0.997067,-0.0672739,-0.036498,0.606642
0.0224909,0.713351,-0.700446,-0.558138,0.0731576,0.697571,0.712771,0.470133,0.997067,-0.0672739,-0.036498,0.606642
0.0224907,0.713348,-0.700449,-0.558139,0.0731577,0.697573,0.712769,0.470131,0.997067,-0.0672739,-0.036498,0.606642
0.0224783,0.713349,-0.700448,-0.55814,0.0731699,0.697573,0.712768,0.470132,0.997066,-0.0672735,-0.0365155,0.606634
0.0224783,0.713349,-0.700448,-0.55814,0.0731699,0.697573,0.712768,0.470132,0.997066,-0.0672735,-0.0365155,0.606634
0.0224768,0.713342,-0.700456,-0.558141,0.0731838,0.697579,0.71276,0.470131,0.997065,-0.0672826,-0.0365257,0.606633
0.0224768,0.713342,-0.700456,-0.558141,0.0731838,0.697579,0.71276,0.470131,0.997065,-0.0672826,-0.0365257,0.606633
0.0224643,0.713341,-0.700457,-0.558146,0.0731961,0.69758,0.712759,0.470134,0.997065,-0.0672823,-0.0365431,0.60662
0.0224643,0.713341,-0.700457,-0.558146,0.0731961,0.69758,0.712759,0.470134,0.997065,-0.0672823,-0.0365431,0.60662
0.0224643,0.713341,-0.700457,-0.558146,0.0731961,0.69758,0.712759,0.470134,0.997065,-0.0672823,-0.0365431,0.60662
0.0224642,0.71334,-0.700458,-0.558147,0.0731961,0.697581,0.712757,0.470133,0.997065,-0.0672823,-0.0365431,0.60662
0.0224642,0.71334,-0.700458,-0.558147,0.0731961,0.697581,0.712757,0.470133,0.997065,-0.0672823,-0.0365431,0.60662
0.0224642,0.71334,-0.700458,-0.558147,0.0731961,0.697581,0.712757,0.470133,0.997065,-0.0672823,-0.0365431,0.60662
0.0224518,0.713341,-0.700458,-0.558147,0.0732083,0.69758,0.712757,0.470133,0.997064,-0.067282,-0.0365606,0.606612
0.0224518,0.713341,-0.700458,-0.558147,0.0732083,0.69758,0.712757,0.470133,0.997064,-0.067282,-0.0365606,0.606612
0.0224518,0.713341,-0.700458,-0.558147,0.0732083,0.69758,0.712757,0.470133,0.997064,-0.067282,-0.0365606,0.606612
0.0224518,0.713341,-0.700458,-0.558147,0.0732083,0.69758,0.712757,0.470133,0.997064,-0.067282,-0.0365606,0.606612
0.0224516,0.71334,-0.700459,-0.558148,0.0732084,0.697581,0.712756,0.470132,0.997064,-0.067282,-0.0365606,0.606612
0.0224392,0.71334,-0.700458,-0.558148,0.0732206,0.697581,0.712755,0.470133,0.997063,-0.0672817,-0.036578,0.606605
0.0224392,0.71334,-0.700458,-0.558148,0.0732206,0.697581,0.712755,0.470133,0.997063,-0.0672817,-0.036578,0.606605
0.0224268,0.713341,-0.700458,-0.558149,0.0732328,0.69758,0.712755,0.470133,0.997063,-0.0672813,-0.0365955,0.606597
0.0224268,0.713341,-0.700458,-0.558149,0.0732328,0.69758,0.712755,0.470133,0.997063,-0.0672813,-0.0365955,0.606597
0.0224268,0.713341,-0.700458,-0.558149,0.0732328,0.69758,0.712755,0.470133,0.997063,-0.0672813,-0.0365955,0.606597
0.0224145,0.713343,-0.700457,-0.55815,0.0732694,0.697577,0.712754,0.470134,0.99706,-0.0672981,-0.0366303,0.606581
0.0224145,0.713343,-0.700457,-0.55815,0.0732694,0.697577,0.712754,0.470134,0.99706,-0.0672981,-0.0366303,0.606581
0.0223647,0.713344,-0.700457,-0.558155,0.0732939,0.697577,0.712751,0.470138,0.99706,-0.0672797,-0.0366827,0.606553
0.0223647,0.713344,-0.700457,-0.558155,0.0732939,0.697577,0.712751,0.470138,0.99706,-0.0672797,-0.0366827,0.606553
0.0223645,0.713342,-0.700459,-0.558157,0.073294,0.697579,0.712749,0.470136,0.99706,-0.0672797,-0.0366827,0.606553
0.0223397,0.713343,-0.700458,-0.558158,0.0733184,0.697578,0.712748,0.470137,0.997058,-0.0672791,-0.0367175,0.606538
0.0223397,0.713343,-0.700458,-0.558158,0.0733184,0.697578,0.712748,0.470137,0.997058,-0.0672791,-0.0367175,0.606538
0.0223022,0.713343,-0.70046,-0.558166,0.0733796,0.697577,0.712743,0.470139,0.997055,-0.0672952,-0.0367873,0.606502
0.0223022,0.713343,-0.70046,-0.558166,0.0733796,0.697577,0.712743,0.470139,0.997055,-0.0672952,-0.0367873,0.606502
0.0223018,0.713339,-0.700464,-0.558168,0.0733797,0.697581,0.712739,0.470136,0.997055,-0.0672952,-0.0367873,0.606502
0.0222646,0.713342,-0.700463,-0.558169,0.0734163,0.697578,0.712738,0.470137,0.997053,-0.0672942,-0.0368396,0.606478
0.0222646,0.713342,-0.700463,-0.558169,0.0734163,0.697578,0.712738,0.470137,0.997053,-0.0672942,-0.0368396,0.606478
0.0222271,0.713342,-0.700464,-0.558172,0.073453,0.697578,0.712734,0.470137,0.997051,-0.0672932,-0.0368919,0.606455
0.0222271,0.713342,-0.700464,-0.558172,0.073453,0.697578,0.712734,0.470137,0.997051,-0.0672932,-0.0368919,0.606455
0.0222268,0.713338,-0.700468,-0.558175,0.0734531,0.697582,0.71273,0.470134,0.997051,-0.0672932,-0.0368919,0.606455
0.0221648,0.713342,-0.700465,-0.558177,0.0735142,0.697578,0.712728,0.470136,0.997048,-0.0672916,-0.0369791,0.606416
0.0221648,0.713342,-0.700465,-0.558177,0.0735142,0.697578,0.712728,0.470136,0.997048,-0.0672916,-0.0369791,0.606416
0.0220778,0.713346,-0.700465,-0.558182,0.0735998,0.697575,0.712722,0.470137,0.997043,-0.0672893,-0.0371012,0.606362
0.0220778,0.713346,-0.700465,-0.558182,0.0735998,0.697575,0.712722,0.470137,0.997043,-0.0672893,-0.0371012,0.606362
0.0220775,0.713343,-0.700467,-0.558183,0.0735999,0.697577,0.71272,0.470135,0.997043,-0.0672893,-0.0371012,0.606362
0.0219287,0.713353,-0.700462,-0.558188,0.0737464,0.697567,0.712714,0.47014,0.997036,-0.0672855,-0.0373105,0.606269
0.0219287,0.713353,-0.700462,-0.558188,0.0737464,0.697567,0.712714,0.47014,0.997036,-0.0672855,-0.0373105,0.606269
0.0217548,0.713361,-0.700459,-0.558197,0.0739175,0.697559,0.712704,0.470143,0.997027,-0.0672809,-0.0375546,0.60616
0.0217548,0.713361,-0.700459,-0.558197,0.0739175,0.697559,0.712704,0.470143,0.997027,-0.0672809,-0.0375546,0.60616
0.0217547,0.71336,-0.70046,-0.558198,0.0739175,0.697561,0.712703,0.470142,0.997027,-0.0672809,-0.0375546,0.60616
0.0215564,0.713373,-0.700452,-0.558204,0.0741129,0.697547,0.712696,0.470149,0.997017,-0.0672757,-0.0378336,0.606036
0.0215564,0.713373,-0.700452,-0.558204,0.0741129,0.697547,0.712696,0.470149,0.997017,-0.0672757,-0.0378336,0.606036
0.021333,0.713386,-0.700446,-0.558217,0.0743328,0.697535,0.712685,0.470158,0.997005,-0.0672699,-0.0381475,0.605892
0.021333,0.713386,-0.700446,-0.558217,0.0743328,0.697535,0.712685,0.470158,0.997005,-0.0672699,-0.0381475,0.605892
0.0213325,0.713381,-0.700451,-0.558221,0.074333,0.69754,0.71268,0.470154,0.997005,-0.0672699,-0.0381475,0.605892
0.0210845,0.713398,-0.700442,-0.558229,0.0745772,0.697524,0.71267,0.470162,0.996992,-0.0672634,-0.0384963,0.605736
0.0210845,0.713398,-0.700442,-0.558229,0.0745772,0.697524,0.71267,0.470162,0.996992,-0.0672634,-0.0384963,0.605736
0.0208114,0.713413,-0.700435,-0.558241,0.074846,0.697509,0.712656,0.470168,0.996978,-0.0672562,-0.0388799,0.605566
0.0208114,0.713413,-0.700435,-0.558241,0.074846,0.697509,0.712656,0.470168,0.996978,-0.0672562,-0.0388799,0.605566
0.020786,0.713408,-0.70044,-0.558253,0.0748706,0.697514,0.712649,0.470171,0.996977,-0.0672555,-0.0389148,0.60554
0.0205505,0.713424,-0.700431,-0.558261,0.0751026,0.697498,0.71264,0.470179,0.996964,-0.0672493,-0.0392461,0.605393
0.0205505,0.713424,-0.700431,-0.558261,0.0751026,0.697498,0.71264,0.470179,0.996964,-0.0672493,-0.0392461,0.605393
0.0201534,0.713447,-0.700419,-0.558288,0.0754935,0.697475,0.712621,0.4702,0.996943,-0.0672389,-0.0398041,0.60513
0.0201534,0.713447,-0.700419,-0.558288,0.0754935,0.697475,0.712621,0.4702,0.996943,-0.0672389,-0.0398041,0.60513
0.0201279,0.713442,-0.700426,-0.558301,0.0755182,0.697481,0.712613,0.470202,0.996941,-0.0672382,-0.039839,0.605105
0.019756,0.713467,-0.700411,-0.558313,0.0758845,0.697457,0.712598,0.470215,0.996921,-0.0672284,-0.0403621,0.604872
0.019756,0.713467,-0.700411,-0.558313,0.0758845,0.697457,0.712598,0.470215,0.996921,-0.0672284,-0.0403621,0.604872
0.0192225,0.713498,-0.700394,-0.558341,0.0764097,0.697426,0.712572,0.470235,0.996891,-0.0672143,-0.0411119,0.604528
0.0192225,0.713498,-0.700394,-0.558341,0.0764097,0.697426,0.712572,0.470235,0.996891,-0.0672143,-0.0411119,0.604528
0.0191969,0.713492,-0.7004,-0.558354,0.0764343,0.697432,0.712563,0.470237,0.99689,-0.0672136,-0.0411467,0.604503
0.0186144,0.713531,-0.700376,-0.558373,0.0770082,0.697393,0.712539,0.470256,0.996857,-0.0671981,-0.0419662,0.604138
0.0186144,0.713531,-0.700376,-0.558373,0.0770082,0.697393,0.712539,0.470256,0.996857,-0.0671981,-0.0419662,0.604138
0.0179555,0.713563,-0.700361,-0.558402,0.0776693,0.697361,0.712499,0.470275,0.996817,-0.0671898,-0.0429005,0.60372
0.0179555,0.713563,-0.700361,-0.558402,0.0776693,0.697361,0.712499,0.470275,0.996817,-0.0671898,-0.0429005,0.60372
0.0179425,0.713559,-0.700365,-0.55841,0.0776817,0.697366,0.712493,0.470275,0.996817,-0.0671894,-0.042918,0.603708
0.0172237,0.713608,-0.700333,-0.558433,0.0784142,0.697316,0.712462,0.470298,0.996772,-0.0671873,-0.0439466,0.60325
0.0172237,0.713608,-0.700333,-0.558433,0.0784142,0.697316,0.712462,0.470298,0.996772,-0.0671873,-0.0439466,0.60325
0.016393,0.713661,-0.700299,-0.558464,0.0792078,0.697265,0.712424,0.470325,0.996723,-0.0671479,-0.0450972,0.602733
0.016393,0.713661,-0.700299,-0.558464,0.0792078,0.697265,0.712424,0.470325,0.996723,-0.0671479,-0.0450972,0.602733
0.0163925,0.713656,-0.700304,-0.558467,0.0792079,0.69727,0.712419,0.470321,0.996723,-0.0671479,-0.0450972,0.602733
0.0155002,0.713717,-0.700263,-0.558494,0.0800869,0.697211,0.712378,0.470348,0.996667,-0.0671239,-0.0463524,0.602174
0.0155002,0.713717,-0.700263,-0.558494,0.0800869,0.697211,0.712378,0.470348,0.996667,-0.0671239,-0.0463524,0.602174
0.0145574,0.713771,-0.700227,-0.558532,0.0810148,0.697157,0.712326,0.470373,0.996607,-0.0670984,-0.0476772,0.601579
0.0145574,0.713771,-0.700227,-0.558532,0.0810148,0.697157,0.712326,0.470373,0.996607,-0.0670984,-0.0476772,0.601579
0.0145688,0.713762,-0.700237,-0.558534,0.0810027,0.697167,0.712318,0.470362,0.996607,-0.0670987,-0.0476598,0.601592
0.0133421,0.713845,-0.700177,-0.558569,0.0822111,0.697085,0.712259,0.470397,0.996526,-0.0670653,-0.0493854,0.600823
0.0133421,0.713845,-0.700177,-0.558569,0.0822111,0.697085,0.712259,0.470397,0.996526,-0.0670653,-0.0493854,0.600823
0.0119405,0.713927,-0.700119,-0.558618,0.0835904,0.697005,0.712177,0.470427,0.996429,-0.067027,-0.0513549,0.599946
0.0119405,0.713927,-0.700119,-0.558618,0.0835904,0.697005,0.712177,0.470427,0.996429,-0.067027,-0.0513549,0.599946
0.0119386,0.713911,-0.700135,-0.558628,0.0835907,0.697021,0.712161,0.470414,0.996429,-0.067027,-0.0513549,0.599946
0.0103651,0.714017,-0.700052,-0.558672,0.0851405,0.696917,0.71208,0.470457,0.996315,-0.0669836,-0.0535681,0.598959
0.0103651,0.714017,-0.700052,-0.558672,0.0851405,0.696917,0.71208,0.470457,0.996315,-0.0669836,-0.0535681,0.598959
0.00864022,0.714113,-0.699977,-0.558727,0.0868505,0.696822,0.711966,0.470491,0.996184,-0.0669449,-0.0560004,0.597878
0.00864022,0.714113,-0.699977,-0.558727,0.0868505,0.696822,0.711966,0.470491,0.996184,-0.0669449,-0.0560004,0.597878
0.00863825,0.714097,-0.699993,-0.558737,0.0868507,0.696838,0.71195,0.470478,0.996184,-0.0669449,-0.0560004,0.597878
0.00701557,0.714206,-0.6999,-0.558779,0.0884488,0.696731,0.711859,0.470519,0.996056,-0.0668995,-0.0582827,0.596861
0.00701557,0.714206,-0.6999,-0.558779,0.0884488,0.696731,0.711859,0.470519,0.996056,-0.0668995,-0.0582827,0.596861
0.00511891,0.71432,-0.699801,-0.558834,0.0903152,0.696619,0.711734,0.470554,0.9959,-0.0668459,-0.060948,0.595672
0.00511891,0.71432,-0.699801,-0.558834,0.0903152,0.696619,0.711734,0.470554,0.9959,-0.0668459,-0.060948,0.595672
0.0051167,0.714303,-0.699818,-0.558846,0.0903153,0.696637,0.711716,0.47054,0.9959,-0.0668459,-0.060948,0.595672
0.00323438,0.714429,-0.6997,-0.558889,0.0921689,0.696512,0.7116,0.470583,0.995738,-0.0667922,-0.0635954,0.594491
0.00323438,0.714429,-0.6997,-0.558889,0.0921689,0.696512,0.7116,0.470583,0.995738,-0.0667922,-0.0635954,0.594491
0.0011391,0.714549,-0.699585,-0.558949,0.0942296,0.696396,0.711445,0.470612,0.99555,-0.066732,-0.0665384,0.593178
0.0011391,0.714549,-0.699585,-0.558949,0.0942296,0.696396,0.711445,0.470612,0.99555,-0.066732,-0.0665384,0.593178
0.00112343,0.714525,-0.699609,-0.55897,0.0942418,0.69642,0.71142,0.470596,0.995549,-0.0667316,-0.0665558,0.593165
-0.000882026,0.714659,-0.699473,-0.559011,0.096192,0.69629,0.711286,0.470636,0.995362,-0.0666563,-0.0693586,0.591913
-0.000882026,0.714659,-0.699473,-0.559011,0.096192,0.69629,0.711286,0.470636,0.995362,-0.0666563,-0.0693586,0.591913
-0.00272921,0.714762,-0.699363,-0.559069,0.0980079,0.69619,0.711136,0.470662,0.995182,-0.0666022,-0.0719523,0.590745
-0.00272921,0.714762,-0.699363,-0.559069,0.0980079,0.69619,0.711136,0.470662,0.995182,-0.0666022,-0.0719523,0.590745
-0.00278146,0.714745,-0.699379,-0.559097,0.0980566,0.696206,0.711113,0.470662,0.995177,-0.0666008,-0.0720219,0.590694
-0.0049101,0.714888,-0.699222,-0.559136,0.100152,0.696066,0.710958,0.4707,0.99496,-0.0665378,-0.0750154,0.589357
-0.0049101,0.714888,-0.699222,-0.559136,0.100152,0.696066,0.710958,0.4707,0.99496,-0.0665378,-0.0750154,0.589357
-0.00711716,0.715006,-0.699082,-0.559196,0.102334,0.69595,0.710761,0.470725,0.994725,-0.0664814,-0.0781228,0.587962
-0.00711716,0.715006,-0.699082,-0.559196,0.102334,0.69595,0.710761,0.470725,0.994725,-0.0664814,-0.0781228,0.587962
-0.00714529,0.714985,-0.699104,-0.55922,0.102358,0.695972,0.710736,0.470714,0.994722,-0.0664807,-0.0781576,0.587936
-0.00939678,0.715135,-0.698923,-0.559254,0.104575,0.695824,0.710558,0.470748,0.994473,-0.0664127,-0.0813236,0.586521
-0.00939678,0.715135,-0.698923,-0.559254,0.104575,0.695824,0.710558,0.470748,0.994473,-0.0664127,-0.0813236,0.586521
-0.0115152,0.715253,-0.698771,-0.5593,0.106656,0.695709,0.710362,0.470759,0.994229,-0.0663483,-0.0842974,0.585192
-0.0115152,0.715253,-0.698771,-0.5593,0.106656,0.695709,0.710362,0.470759,0.994229,-0.0663483,-0.0842974,0.585192
-0.011518,0.715235,-0.698789,-0.559312,0.106656,0.695728,0.710343,0.470744,0.994229,-0.0663483,-0.0842974,0.585192
-0.011518,0.715235,-0.698789,-0.559312,0.106656,0.695728,0.710343,0.470744,0.994229,-0.0663483,-0.0842974,0.585192
-0.011518,0.715235,-0.698789,-0.559312,0.106656,0.695728,0.710343,0.470744,0.994229,-0.0663483,-0.0842974,0.585192
-0.0164915,0.715544,-0.698373,-0.559385,0.111547,0.695424,0.709889,0.470784,0.993622,-0.0661944,-0.0912856,0.582065
-0.0164915,0.715544,-0.698373,-0.559385,0.111547,0.695424,0.709889,0.470784,0.993622,-0.0661944,-0.0912856,0.582065
-0.016495,0.715523,-0.698395,-0.5594,0.111547,0.695446,0.709867,0.470767,0.993622,-0.0661944,-0.0912856,0.582065
-0.018806,0.715677,-0.698179,-0.559422,0.113821,0.695295,0.709655,0.470788,0.993323,-0.0661218,-0.0945349,0.58061
-0.018806,0.715677,-0.698179,-0.559422,0.113821,0.695295,0.709655,0.470788,0.993323,-0.0661218,-0.0945349,0.58061
-0.0213925,0.715822,-0.697955,-0.559461,0.116362,0.695153,0.709381,0.470787,0.992977,-0.0660397,-0.0981652,0.578985
-0.0213925,0.715822,-0.697955,-0.559461,0.116362,0.695153,0.709381,0.470787,0.992977,-0.0660397,-0.0981652,0.578985
-0.0214004,0.715774,-0.698004,-0.559493,0.11636,0.695202,0.709334,0.470749,0.992977,-0.0660397,-0.0981652,0.578985
-0.0240189,0.715948,-0.69774,-0.559509,0.118936,0.695031,0.709074,0.470765,0.992611,-0.0659556,-0.101846,0.577335
-0.0240189,0.715948,-0.69774,-0.559509,0.118936,0.695031,0.709074,0.470765,0.992611,-0.0659556,-0.101846,0.577335
-0.0267553,0.716085,-0.6975,-0.559552,0.12162,0.694899,0.708749,0.470741,0.992216,-0.0658669,-0.105682,0.575616
-0.0267553,0.716085,-0.6975,-0.559552,0.12162,0.694899,0.708749,0.470741,0.992216,-0.0658669,-0.105682,0.575616
-0.0267646,0.716031,-0.697555,-0.559588,0.121617,0.694954,0.708695,0.470698,0.992216,-0.0658669,-0.105682,0.575616
-0.0294431,0.716209,-0.697264,-0.559596,0.124252,0.694779,0.708409,0.470706,0.991814,-0.0657789,-0.109447,0.573928
-0.0294431,0.716209,-0.697264,-0.559596,0.124252,0.694779,0.708409,0.470706,0.991814,-0.0657789,-0.109447,0.573928
-0.0321798,0.716335,-0.697014,-0.559636,0.126932,0.694657,0.708053,0.470665,0.991389,-0.0656883,-0.11328,0.572208
-0.0321798,0.716335,-0.697014,-0.559636,0.126932,0.694657,0.708053,0.470665,0.991389,-0.0656883,-0.11328,0.572208
-0.0321877,0.716292,-0.697058,-0.559666,0.12693,0.694702,0.708009,0.47063,0.991389,-0.0656883,-0.11328,0.572208
-0.0348396,0.716467,-0.69675,-0.559664,0.129538,0.69453,0.707707,0.470628,0.990962,-0.0655992,-0.117007,0.570536
-0.0348396,0.716467,-0.69675,-0.559664,0.129538,0.69453,0.707707,0.470628,0.990962,-0.0655992,-0.117007,0.570536
-0.0372142,0.716585,-0.696506,-0.559693,0.131864,0.694416,0.707389,0.470599,0.990569,-0.0655188,-0.120334,0.569032
-0.0372142,0.716585,-0.696506,-0.559693,0.131864,0.694416,0.707389,0.470599,0.990569,-0.0655188,-0.120334,0.569032
-0.0372207,0.716551,-0.696541,-0.559716,0.131862,0.694451,0.707355,0.470572,0.990569,-0.0655188,-0.120334,0.569032
-0.0397967,0.716721,-0.696223,-0.559706,0.134394,0.694283,0.707042,0.470562,0.990128,-0.0654305,-0.123954,0.567406
-0.0397967,0.716721,-0.696223,-0.559706,0.134394,0.694283,0.707042,0.470562,0.990128,-0.0654305,-0.123954,0.567406
-0.0424133,0.71687,-0.695916,-0.559712,0.136961,0.694139,0.706692,0.470533,0.989668,-0.0653401,-0.127624,0.565752
-0.0424133,0.71687,-0.695916,-0.559712,0.136961,0.694139,0.706692,0.470533,0.989668,-0.0653401,-0.127624,0.565752
-0.0424304,0.716846,-0.695939,-0.559732,0.136971,0.694163,0.706666,0.470517,0.989666,-0.0653397,-0.127641,0.565739
-0.044918,0.717011,-0.695614,-0.559715,0.139417,0.694001,0.706346,0.4705,0.989214,-0.0652526,-0.131137,0.564168
-0.044918,0.717011,-0.695614,-0.559715,0.139417,0.694001,0.706346,0.4705,0.989214,-0.0652526,-0.131137,0.564168
-0.0475951,0.717157,-0.695285,-0.559708,0.142055,0.693858,0.705961,0.470457,0.988714,-0.0651683,-0.1349,0.562478
-0.0475951,0.717157,-0.695285,-0.559708,0.142055,0.693858,0.705961,0.470457,0.988714,-0.0651683,-0.1349,0.562478
-0.0476006,0.71713,-0.695312,-0.559726,0.142053,0.693886,0.705934,0.470435,0.988714,-0.0651683,-0.1349,0.562478
-0.0499506,0.717285,-0.694987,-0.559702,0.144363,0.693734,0.705615,0.470412,0.988263,-0.0650845,-0.138202,0.560993
-0.0499506,0.717285,-0.694987,-0.559702,0.144363,0.693734,0.705615,0.470412,0.988263,-0.0650845,-0.138202,0.560993
-0.0524508,0.717433,-0.69465,-0.559685,0.14684,0.693587,0.705248,0.470368,0.987769,-0.0650114,-0.141727,0.559406
-0.0524508,0.717433,-0.69465,-0.559685,0.14684,0.693587,0.705248,0.470368,0.987769,-0.0650114,-0.141727,0.559406
-0.0524549,0.717414,-0.69467,-0.559698,0.146838,0.693607,0.705228,0.470352,0.987769,-0.0650114,-0.141727,0.559406
-0.0550119,0.71758,-0.6943,-0.559664,0.149327,0.693446,0.704865,0.470319,0.987256,-0.0649017,-0.145302,0.557796
-0.0550119,0.71758,-0.6943,-0.559664,0.149327,0.693446,0.704865,0.470319,0.987256,-0.0649017,-0.145302,0.557796
-0.0575239,0.71772,-0.693952,-0.559644,0.151812,0.693308,0.70447,0.47026,0.986734,-0.0648265,-0.14884,0.556202
-0.0575239,0.71772,-0.693952,-0.559644,0.151812,0.693308,0.70447,0.47026,0.986734,-0.0648265,-0.14884,0.556202
-0.0575313,0.717686,-0.693986,-0.559667,0.151809,0.693343,0.704436,0.470232,0.986734,-0.0648265,-0.14884,0.556202
-0.057519,0.717685,-0.693988,-0.559663,0.151797,0.693344,0.704437,0.470229,0.986737,-0.0648269,-0.148823,0.556215
-0.057519,0.717685,-0.693988,-0.559663,0.151797,0.693344,0.704437,0.470229,0.986737,-0.0648269,-0.148823,0.556215
-0.0626599,0.717982,-0.693236,-0.5596,0.156836,0.693054,0.703618,0.470108,0.985635,-0.0646359,-0.156032,0.552965
-0.0626599,0.717982,-0.693236,-0.5596,0.156836,0.693054,0.703618,0.470108,0.985635,-0.0646359,-0.156032,0.552965
-0.0626667,0.717952,-0.693266,-0.559621,0.156834,0.693085,0.703588,0.470084,0.985635,-0.0646359,-0.156032,0.552965
-0.065059,0.718109,-0.692883,-0.559573,0.159184,0.692931,0.703212,0.470037,0.985103,-0.0645456,-0.159393,0.55145
-0.065059,0.718109,-0.692883,-0.559573,0.159184,0.692931,0.703212,0.470037,0.985103,-0.0645456,-0.159393,0.55145
-0.0676303,0.718239,-0.692502,-0.559547,0.161698,0.692805,0.702762,0.469956,0.98452,-0.0644479,-0.162992,0.549821
-0.0676303,0.718239,-0.692502,-0.559547,0.161698,0.692805,0.702762,0.469956,0.98452,-0.0644479,-0.162992,0.549821
-0.0676413,0.718192,-0.69255,-0.559579,0.161693,0.692854,0.702715,0.469918,0.98452,-0.0644479,-0.162992,0.549821
-0.0701659,0.718357,-0.692127,-0.55952,0.164173,0.692692,0.7023,0.46986,0.983933,-0.0643509,-0.166538,0.54822
-0.0701659,0.718357,-0.692127,-0.55952,0.164173,0.692692,0.7023,0.46986,0.983933,-0.0643509,-0.166538,0.54822
-0.0727166,0.718459,-0.691758,-0.559504,0.166656,0.692596,0.70181,0.46975,0.98333,-0.0642525,-0.170099,0.546607
-0.0727166,0.718459,-0.691758,-0.559504,0.166656,0.692596,0.70181,0.46975,0.98333,-0.0642525,-0.170099,0.546607
-0.0727472,0.718383,-0.691833,-0.559559,0.16666,0.692674,0.701732,0.469692,0.983327,-0.064252,-0.170116,0.546594
-0.0751713,0.718542,-0.69141,-0.559495,0.16904,0.692518,0.701316,0.469629,0.982738,-0.0641572,-0.17352,0.545056
-0.0751713,0.718542,-0.69141,-0.559495,0.16904,0.692518,0.701316,0.469629,0.982738,-0.0641572,-0.17352,0.545056
-0.0774624,0.718629,-0.691066,-0.55948,0.171268,0.692437,0.700856,0.469523,0.982175,-0.0640673,-0.176716,0.543602
-0.0774624,0.718629,-0.691066,-0.55948,0.171268,0.692437,0.700856,0.469523,0.982175,-0.0640673,-0.176716,0.543602
-0.0775116,0.71858,-0.691111,-0.559525,0.171298,0.692487,0.700799,0.469492,0.982165,-0.0640659,-0.176767,0.543564
-0.0800935,0.718742,-0.690648,-0.559449,0.173844,0.692328,0.700329,0.469416,0.981511,-0.0639736,-0.1804,0.541924
-0.0800935,0.718742,-0.690648,-0.559449,0.173844,0.692328,0.700329,0.469416,0.981511,-0.0639736,-0.1804,0.541924
-0.0826219,0.718864,-0.690224,-0.559406,0.17631,0.69221,0.699828,0.469311,0.980861,-0.0638725,-0.183935,0.540316
-0.0826219,0.718864,-0.690224,-0.559406,0.17631,0.69221,0.699828,0.469311,0.980861,-0.0638725,-0.183935,0.540316
-0.082655,0.718831,-0.690253,-0.559436,0.17633,0.692244,0.69979,0.469291,0.980855,-0.0638715,-0.183969,0.54029
-0.0851115,0.718985,-0.689795,-0.559356,0.178753,0.692093,0.699324,0.46921,0.980206,-0.0637826,-0.187426,0.538729
-0.0851115,0.718985,-0.689795,-0.559356,0.178753,0.692093,0.699324,0.46921,0.980206,-0.0637826,-0.187426,0.538729
-0.0876625,0.719103,-0.689352,-0.5593,0.181253,0.691979,0.698793,0.469093,0.979522,-0.0636894,-0.191,0.537109
-0.0876625,0.719103,-0.689352,-0.5593,0.181253,0.691979,0.698793,0.469093,0.979522,-0.0636894,-0.191,0.537109
-0.0876746,0.719057,-0.689399,-0.559332,0.181247,0.692027,0.698748,0.469056,0.979522,-0.0636894,-0.191,0.537109
-0.0899678,0.719208,-0.688945,-0.559248,0.183522,0.691877,0.698303,0.468974,0.97889,-0.0636115,-0.194237,0.535643
-0.0899678,0.719208,-0.688945,-0.559248,0.183522,0.691877,0.698303,0.468974,0.97889,-0.0636115,-0.194237,0.535643
-0.0925924,0.71932,-0.688481,-0.559189,0.186073,0.691771,0.697732,0.46883,0.978163,-0.0635032,-0.197899,0.533984
-0.0925924,0.71932,-0.688481,-0.559189,0.186073,0.691771,0.697732,0.46883,0.978163,-0.0635032,-0.197899,0.533984
-0.0926122,0.719246,-0.688555,-0.559239,0.186063,0.691847,0.697659,0.46877,0.978163,-0.0635032,-0.197899,0.533984
-0.095355,0.719417,-0.688001,-0.559131,0.188766,0.691678,0.6971,0.468663,0.977382,-0.063399,-0.201756,0.532239
-0.095355,0.719417,-0.688001,-0.559131,0.188766,0.691678,0.6971,0.468663,0.977382,-0.063399,-0.201756,0.532239
-0.0982648,0.719468,-0.687539,-0.559097,0.191593,0.691635,0.696371,0.468443,0.976543,-0.0632988,-0.205808,0.530407
-0.0982648,0.719468,-0.687539,-0.559097,0.191593,0.691635,0.696371,0.468443,0.976543,-0.0632988,-0.205808,0.530407
-0.0983223,0.71926,-0.687748,-0.559238,0.191563,0.691851,0.696165,0.468276,0.976543,-0.0632988,-0.205808,0.530407
-0.100809,0.719402,-0.687239,-0.559133,0.194037,0.69171,0.69562,0.468166,0.975801,-0.063225,-0.209321,0.528823
-0.100809,0.719402,-0.687239,-0.559133,0.194037,0.69171,0.69562,0.468166,0.975801,-0.063225,-0.209321,0.528823
-0.103757,0.719347,-0.686859,-0.559151,0.196897,0.691774,0.694752,0.467861,0.974919,-0.0631548,-0.213414,0.52698
-0.103757,0.719347,-0.686859,-0.559151,0.196897,0.691774,0.694752,0.467861,0.974919,-0.0631548,-0.213414,0.52698
-0.103832,0.719083,-0.687123,-0.559329,0.196857,0.692048,0.69449,0.467648,0.974919,-0.0631548,-0.213414,0.52698
-0.106658,0.719241,-0.686525,-0.5592,0.199671,0.691891,0.693843,0.467513,0.974041,-0.0630757,-0.217407,0.525179
-0.106658,0.719241,-0.686525,-0.5592,0.199671,0.691891,0.693843,0.467513,0.974041,-0.0630757,-0.217407,0.525179
-0.109654,0.719019,-0.686285,-0.559326,0.202467,0.692131,0.692793,0.467056,0.973131,-0.0629824,-0.221473,0.523341
-0.109654,0.719019,-0.686285,-0.559326,0.202467,0.692131,0.692793,0.467056,0.973131,-0.0629824,-0.221473,0.523341
-0.109781,0.718586,-0.686718,-0.559618,0.202398,0.69258,0.692364,0.466707,0.973131,-0.0629824,-0.221473,0.523341
-0.112627,0.718752,-0.686084,-0.559476,0.205214,0.692417,0.691698,0.466561,0.972215,-0.0628899,-0.225483,0.521527
-0.112627,0.718752,-0.686084,-0.559476,0.205214,0.692417,0.691698,0.466561,0.972215,-0.0628899,-0.225483,0.521527
-0.115431,0.718345,-0.686044,-0.559713,0.207762,0.692844,0.690509,0.465981,0.971345,-0.0628274,-0.229221,0.519838
-0.115431,0.718345,-0.686044,-0.559713,0.207762,0.692844,0.690509,0.465981,0.971345,-0.0628274,-0.229221,0.519838
-0.115685,0.717704,-0.686671,-0.560162,0.207713,0.693508,0.689856,0.465475,0.971325,-0.0628247,-0.229306,0.519774
-0.11855,0.71784,-0.686041,-0.560014,0.210599,0.693371,0.689119,0.465313,0.970358,-0.0627845,-0.233375,0.517947
-0.11855,0.71784,-0.686041,-0.560014,0.210599,0.693371,0.689119,0.465313,0.970358,-0.0627845,-0.233375,0.517947
-0.121688,0.71732,-0.686035,-0.560317,0.213436,0.693914,0.687698,0.464625,0.969349,-0.0627404,-0.237543,0.516049
-0.121688,0.71732,-0.686035,-0.560317,0.213436,0.693914,0.687698,0.464625,0.969349,-0.0627404,-0.237543,0.516049
-0.121915,0.716619,-0.686727,-0.56079,0.213325,0.694637,0.687002,0.464061,0.969345,-0.0627399,-0.23756,0.516037
-0.124538,0.716733,-0.686137,-0.560645,0.215977,0.694521,0.68629,0.463901,0.968424,-0.0627206,-0.241292,0.514364
-0.124538,0.716733,-0.686137,-0.560645,0.215977,0.694521,0.68629,0.463901,0.968424,-0.0627206,-0.241292,0.514364
-0.127812,0.716105,-0.686191,-0.560979,0.218914,0.69517,0.6847,0.463097,0.967337,-0.0627041,-0.245617,0.512427
-0.127812,0.716105,-0.686191,-0.560979,0.218914,0.69517,0.6847,0.463097,0.967337,-0.0627041,-0.245617,0.512427
-0.128034,0.7154,-0.686885,-0.561448,0.218785,0.695896,0.684004,0.462528,0.967337,-0.0627041,-0.245617,0.512427
-0.131169,0.715536,-0.686151,-0.561263,0.221945,0.695758,0.683126,0.462324,0.966196,-0.0626827,-0.250071,0.51043
-0.131169,0.715536,-0.686151,-0.561263,0.221945,0.695758,0.683126,0.462324,0.966196,-0.0626827,-0.250071,0.51043
-0.134616,0.714806,-0.686245,-0.561637,0.225013,0.696507,0.681357,0.46142,0.965012,-0.0626925,-0.254601,0.508406
-0.134616,0.714806,-0.686245,-0.561637,0.225013,0.696507,0.681357,0.46142,0.965012,-0.0626925,-0.254601,0.508406
-0.134851,0.714076,-0.686958,-0.56212,0.224871,0.697256,0.680638,0.460832,0.965012,-0.0626925,-0.254601,0.508406
-0.137881,0.714182,-0.686245,-0.561932,0.227966,0.697144,0.679722,0.460617,0.963857,-0.0627197,-0.258933,0.506475
-0.137881,0.714182,-0.686245,-0.561932,0.227966,0.697144,0.679722,0.460617,0.963857,-0.0627197,-0.258933,0.506475
-0.141514,0.713382,-0.686338,-0.562308,0.231264,0.697955,0.677773,0.459652,0.962544,-0.0628107,-0.26375,0.504342
-0.141514,0.713382,-0.686338,-0.562308,0.231264,0.697955,0.677773,0.459652,0.962544,-0.0628107,-0.26375,0.504342
-0.14179,0.712547,-0.687148,-0.562857,0.231094,0.698807,0.676952,0.458979,0.962544,-0.0628107,-0.26375,0.504342
-0.14529,0.712644,-0.686315,-0.562629,0.234709,0.6987,0.675818,0.458711,0.961146,-0.0628946,-0.268779,0.502111
-0.14529,0.712644,-0.686315,-0.562629,0.234709,0.6987,0.675818,0.458711,0.961146,-0.0628946,-0.268779,0.502111
-0.14879,0.711803,-0.686439,-0.563044,0.237675,0.699559,0.673891,0.457681,0.959881,-0.0628812,-0.273265,0.500101
-0.14879,0.711803,-0.686439,-0.563044,0.237675,0.699559,0.673891,0.457681,0.959881,-0.0628812,-0.273265,0.500101
-0.149121,0.710863,-0.68734,-0.563661,0.237486,0.700514,0.672964,0.456927,0.959877,-0.0628807,-0.273282,0.500088
-0.15283,0.711018,-0.686365,-0.563394,0.241194,0.700357,0.671807,0.456638,0.958368,-0.0628754,-0.278529,0.497733
-0.15283,0.711018,-0.686365,-0.563394,0.241194,0.700357,0.671807,0.456638,0.958368,-0.0628754,-0.278529,0.497733
-0.156834,0.710158,-0.686352,-0.563765,0.244698,0.701225,0.669632,0.455546,0.956831,-0.0629283,-0.28375,0.495403
-0.156834,0.710158,-0.686352,-0.563765,0.244698,0.701225,0.669632,0.455546,0.956831,-0.0629283,-0.28375,0.495403
-0.157173,0.709184,-0.687281,-0.564397,0.244481,0.702209,0.668679,0.454764,0.956831,-0.0629283,-0.28375,0.495403
-0.160576,0.709326,-0.686347,-0.564134,0.247867,0.702066,0.667582,0.454484,0.955394,-0.0629253,-0.288553,0.493245
-0.160576,0.709326,-0.686347,-0.564134,0.247867,0.702066,0.667582,0.454484,0.955394,-0.0629253,-0.288553,0.493245
-0.164654,0.708578,-0.686153,-0.564436,0.251307,0.702827,0.665492,0.453422,0.9538,-0.0628594,-0.293794,0.490873
-0.164654,0.708578,-0.686153,-0.564436,0.251307,0.702827,0.665492,0.453422,0.9538,-0.0628594,-0.293794,0.490873
-0.164952,0.707744,-0.686942,-0.564974,0.251112,0.703667,0.664677,0.452752,0.9538,-0.0628594,-0.293794,0.490873
-0.168648,0.707935,-0.685847,-0.564664,0.254696,0.703481,0.663509,0.45244,0.952201,-0.0627834,-0.298949,0.488535
-0.168648,0.707935,-0.685847,-0.564664,0.254696,0.703481,0.663509,0.45244,0.952201,-0.0627834,-0.298949,0.488535
-0.172842,0.707245,-0.685515,-0.564884,0.25833,0.704176,0.661364,0.451408,0.950469,-0.0627776,-0.304413,0.486075
-0.172842,0.707245,-0.685515,-0.564884,0.25833,0.704176,0.661364,0.451408,0.950469,-0.0627776,-0.304413,0.486075
-0.173147,0.706411,-0.686297,-0.565417,0.258125,0.705012,0.660552,0.450739,0.950469,-0.0627776,-0.304413,0.486075
-0.176759,0.706525,-0.685258,-0.565108,0.261772,0.704891,0.659245,0.450399,0.948805,-0.0628539,-0.309545,0.483784
-0.176759,0.706525,-0.685258,-0.565108,0.261772,0.704891,0.659245,0.450399,0.948805,-0.0628539,-0.309545,0.483784
