0.181057  0.346427  0.920438  0.08309  0.623498  0.683352  -0.379842  0.14618  -0.760571  0.642665  -0.0922709  0.32431
0.181057  0.346427  0.920438  0.08309  0.623498  0.683352  -0.379842  0.14618  -0.760571  0.642665  -0.0922709  0.32431
0.181057  0.346427  0.920438  0.08309  0.623498  0.683352  -0.379842  0.14618  -0.760571  0.642665  -0.0922709  0.32431
0.181057  0.346427  0.920438  0.08309  0.623498  0.683352  -0.379842  0.14618  -0.760571  0.642665  -0.0922709  0.32431
0.181057  0.346427  0.920438  0.08309  0.623498  0.683352  -0.379842  0.14618  -0.760571  0.642665  -0.0922709  0.32431
0.181057  0.346427  0.920438  0.08309  0.623498  0.683352  -0.379842  0.14618  -0.760571  0.642665  -0.0922709  0.32431
0.181057  0.346427  0.920438  0.08309  0.623498  0.683352  -0.379842  0.14618  -0.760571  0.642665  -0.0922709  0.32431
0.181057  0.346427  0.920438  0.08309  0.623498  0.683352  -0.379842  0.14618  -0.760571  0.642665  -0.0922709  0.32431
0.181135  0.346491  0.920399  0.08308  0.623549  0.683256  -0.379931  0.14615  -0.760511  0.642733  -0.0922927  0.32431
0.181135  0.346491  0.920399  0.08308  0.623549  0.683256  -0.379931  0.14615  -0.760511  0.642733  -0.0922927  0.32431
0.181135  0.346491  0.920399  0.08308  0.623549  0.683256  -0.379931  0.14615  -0.760511  0.642733  -0.0922927  0.32431
0.181135  0.346491  0.920399  0.08308  0.623549  0.683256  -0.379931  0.14615  -0.760511  0.642733  -0.0922927  0.32431
0.181135  0.346491  0.920399  0.08308  0.623549  0.683256  -0.379931  0.14615  -0.760511  0.642733  -0.0922927  0.32431
0.181135  0.346491  0.920399  0.08308  0.623549  0.683256  -0.379931  0.14615  -0.760511  0.642733  -0.0922927  0.32431
0.181135  0.346491  0.920399  0.08308  0.623549  0.683256  -0.379931  0.14615  -0.760511  0.642733  -0.0922927  0.32431
0.181135  0.346491  0.920399  0.08308  0.623549  0.683256  -0.379931  0.14615  -0.760511  0.642733  -0.0922927  0.32431
0.181289  0.346618  0.920321  0.08307  0.623574  0.683128  -0.380119  0.14611  -0.760453  0.6428  -0.0922981  0.3243
0.181289  0.346618  0.920321  0.08307  0.623574  0.683128  -0.380119  0.14611  -0.760453  0.6428  -0.0922981  0.3243
0.181289  0.346618  0.920321  0.08307  0.623574  0.683128  -0.380119  0.14611  -0.760453  0.6428  -0.0922981  0.3243
0.181289  0.346618  0.920321  0.08307  0.623574  0.683128  -0.380119  0.14611  -0.760453  0.6428  -0.0922981  0.3243
0.181289  0.346618  0.920321  0.08307  0.623574  0.683128  -0.380119  0.14611  -0.760453  0.6428  -0.0922981  0.3243
0.181289  0.346618  0.920321  0.08307  0.623574  0.683128  -0.380119  0.14611  -0.760453  0.6428  -0.0922981  0.3243
0.181289  0.346618  0.920321  0.08307  0.623574  0.683128  -0.380119  0.14611  -0.760453  0.6428  -0.0922981  0.3243
0.181289  0.346618  0.920321  0.08307  0.623574  0.683128  -0.380119  0.14611  -0.760453  0.6428  -0.0922981  0.3243
0.182613  0.347793  0.919615  0.08292  0.624044  0.68178  -0.381765  0.14575  -0.759751  0.643596  -0.0925361  0.32424
0.182613  0.347793  0.919615  0.08292  0.624044  0.68178  -0.381765  0.14575  -0.759751  0.643596  -0.0925361  0.32424
0.182613  0.347793  0.919615  0.08292  0.624044  0.68178  -0.381765  0.14575  -0.759751  0.643596  -0.0925361  0.32424
0.182613  0.347793  0.919615  0.08292  0.624044  0.68178  -0.381765  0.14575  -0.759751  0.643596  -0.0925361  0.32424
0.182613  0.347793  0.919615  0.08292  0.624044  0.68178  -0.381765  0.14575  -0.759751  0.643596  -0.0925361  0.32424
0.182613  0.347793  0.919615  0.08292  0.624044  0.68178  -0.381765  0.14575  -0.759751  0.643596  -0.0925361  0.32424
0.182613  0.347793  0.919615  0.08292  0.624044  0.68178  -0.381765  0.14575  -0.759751  0.643596  -0.0925361  0.32424
0.182613  0.347793  0.919615  0.08292  0.624044  0.68178  -0.381765  0.14575  -0.759751  0.643596  -0.0925361  0.32424
0.183743  0.348757  0.919025  0.0828  0.624427  0.680656  -0.383143  0.14545  -0.759164  0.644264  -0.0927077  0.32418
0.183743  0.348757  0.919025  0.0828  0.624427  0.680656  -0.383143  0.14545  -0.759164  0.644264  -0.0927077  0.32418
0.183743  0.348757  0.919025  0.0828  0.624427  0.680656  -0.383143  0.14545  -0.759164  0.644264  -0.0927077  0.32418
0.183743  0.348757  0.919025  0.0828  0.624427  0.680656  -0.383143  0.14545  -0.759164  0.644264  -0.0927077  0.32418
0.183743  0.348757  0.919025  0.0828  0.624427  0.680656  -0.383143  0.14545  -0.759164  0.644264  -0.0927077  0.32418
0.183743  0.348757  0.919025  0.0828  0.624427  0.680656  -0.383143  0.14545  -0.759164  0.644264  -0.0927077  0.32418
0.183743  0.348757  0.919025  0.0828  0.624427  0.680656  -0.383143  0.14545  -0.759164  0.644264  -0.0927077  0.32418
0.183743  0.348757  0.919025  0.0828  0.624427  0.680656  -0.383143  0.14545  -0.759164  0.644264  -0.0927077  0.32418
0.185074  0.349925  0.918314  0.08264  0.624889  0.679303  -0.384787  0.14507  -0.75846  0.645058  -0.0929427  0.32411
0.185074  0.349925  0.918314  0.08264  0.624889  0.679303  -0.384787  0.14507  -0.75846  0.645058  -0.0929427  0.32411
0.185074  0.349925  0.918314  0.08264  0.624889  0.679303  -0.384787  0.14507  -0.75846  0.645058  -0.0929427  0.32411
0.185074  0.349925  0.918314  0.08264  0.624889  0.679303  -0.384787  0.14507  -0.75846  0.645058  -0.0929427  0.32411
0.185074  0.349925  0.918314  0.08264  0.624889  0.679303  -0.384787  0.14507  -0.75846  0.645058  -0.0929427  0.32411
0.185074  0.349925  0.918314  0.08264  0.624889  0.679303  -0.384787  0.14507  -0.75846  0.645058  -0.0929427  0.32411
0.185074  0.349925  0.918314  0.08264  0.624889  0.679303  -0.384787  0.14507  -0.75846  0.645058  -0.0929427  0.32411
0.185074  0.349925  0.918314  0.08264  0.624889  0.679303  -0.384787  0.14507  -0.75846  0.645058  -0.0929427  0.32411
0.185897  0.350632  0.917878  0.08255  0.625142  0.678497  -0.385797  0.14484  -0.75805  0.645522  -0.0930641  0.32407
0.185897  0.350632  0.917878  0.08255  0.625142  0.678497  -0.385797  0.14484  -0.75805  0.645522  -0.0930641  0.32407
0.185897  0.350632  0.917878  0.08255  0.625142  0.678497  -0.385797  0.14484  -0.75805  0.645522  -0.0930641  0.32407
0.185897  0.350632  0.917878  0.08255  0.625142  0.678497  -0.385797  0.14484  -0.75805  0.645522  -0.0930641  0.32407
0.185897  0.350632  0.917878  0.08255  0.625142  0.678497  -0.385797  0.14484  -0.75805  0.645522  -0.0930641  0.32407
0.185897  0.350632  0.917878  0.08255  0.625142  0.678497  -0.385797  0.14484  -0.75805  0.645522  -0.0930641  0.32407
0.185897  0.350632  0.917878  0.08255  0.625142  0.678497  -0.385797  0.14484  -0.75805  0.645522  -0.0930641  0.32407
0.185897  0.350632  0.917878  0.08255  0.625142  0.678497  -0.385797  0.14484  -0.75805  0.645522  -0.0930641  0.32407
0.187112  0.351648  0.917242  0.0824  0.625565  0.677271  -0.387261  0.14451  -0.757401  0.646256  -0.0932535  0.32401
0.187112  0.351648  0.917242  0.0824  0.625565  0.677271  -0.387261  0.14451  -0.757401  0.646256  -0.0932535  0.32401
0.187112  0.351648  0.917242  0.0824  0.625565  0.677271  -0.387261  0.14451  -0.757401  0.646256  -0.0932535  0.32401
0.187112  0.351648  0.917242  0.0824  0.625565  0.677271  -0.387261  0.14451  -0.757401  0.646256  -0.0932535  0.32401
0.187112  0.351648  0.917242  0.0824  0.625565  0.677271  -0.387261  0.14451  -0.757401  0.646256  -0.0932535  0.32401
0.187112  0.351648  0.917242  0.0824  0.625565  0.677271  -0.387261  0.14451  -0.757401  0.646256  -0.0932535  0.32401
0.187112  0.351648  0.917242  0.0824  0.625565  0.677271  -0.387261  0.14451  -0.757401  0.646256  -0.0932535  0.32401
0.187112  0.351648  0.917242  0.0824  0.625565  0.677271  -0.387261  0.14451  -0.757401  0.646256  -0.0932535  0.32401
0.188217  0.352618  0.916643  0.08229  0.625944  0.676138  -0.388626  0.14421  -0.756814  0.646914  -0.0934589  0.32395
0.188217  0.352618  0.916643  0.08229  0.625944  0.676138  -0.388626  0.14421  -0.756814  0.646914  -0.0934589  0.32395
0.188217  0.352618  0.916643  0.08229  0.625944  0.676138  -0.388626  0.14421  -0.756814  0.646914  -0.0934589  0.32395
0.188217  0.352618  0.916643  0.08229  0.625944  0.676138  -0.388626  0.14421  -0.756814  0.646914  -0.0934589  0.32395
0.188217  0.352618  0.916643  0.08229  0.625944  0.676138  -0.388626  0.14421  -0.756814  0.646914  -0.0934589  0.32395
0.188217  0.352618  0.916643  0.08229  0.625944  0.676138  -0.388626  0.14421  -0.756814  0.646914  -0.0934589  0.32395
0.188217  0.352618  0.916643  0.08229  0.625944  0.676138  -0.388626  0.14421  -0.756814  0.646914  -0.0934589  0.32395
0.188217  0.352618  0.916643  0.08229  0.625944  0.676138  -0.388626  0.14421  -0.756814  0.646914  -0.0934589  0.32395
0.189603  0.353851  0.915882  0.08213  0.626373  0.674743  -0.390357  0.14383  -0.756113  0.647697  -0.0937098  0.32388
0.189603  0.353851  0.915882  0.08213  0.626373  0.674743  -0.390357  0.14383  -0.756113  0.647697  -0.0937098  0.32388
0.189603  0.353851  0.915882  0.08213  0.626373  0.674743  -0.390357  0.14383  -0.756113  0.647697  -0.0937098  0.32388
0.189603  0.353851  0.915882  0.08213  0.626373  0.674743  -0.390357  0.14383  -0.756113  0.647697  -0.0937098  0.32388
0.189603  0.353851  0.915882  0.08213  0.626373  0.674743  -0.390357  0.14383  -0.756113  0.647697  -0.0937098  0.32388
0.189603  0.353851  0.915882  0.08213  0.626373  0.674743  -0.390357  0.14383  -0.756113  0.647697  -0.0937098  0.32388
0.189603  0.353851  0.915882  0.08213  0.626373  0.674743  -0.390357  0.14383  -0.756113  0.647697  -0.0937098  0.32388
0.189603  0.353851  0.915882  0.08213  0.626373  0.674743  -0.390357  0.14383  -0.756113  0.647697  -0.0937098  0.32388
0.190669  0.354733  0.915319  0.08201  0.626764  0.67364  -0.391631  0.14353  -0.755521  0.648362  -0.0938915  0.32382
0.190669  0.354733  0.915319  0.08201  0.626764  0.67364  -0.391631  0.14353  -0.755521  0.648362  -0.0938915  0.32382
0.190669  0.354733  0.915319  0.08201  0.626764  0.67364  -0.391631  0.14353  -0.755521  0.648362  -0.0938915  0.32382
0.190669  0.354733  0.915319  0.08201  0.626764  0.67364  -0.391631  0.14353  -0.755521  0.648362  -0.0938915  0.32382
0.190669  0.354733  0.915319  0.08201  0.626764  0.67364  -0.391631  0.14353  -0.755521  0.648362  -0.0938915  0.32382
0.190669  0.354733  0.915319  0.08201  0.626764  0.67364  -0.391631  0.14353  -0.755521  0.648362  -0.0938915  0.32382
0.190669  0.354733  0.915319  0.08201  0.626764  0.67364  -0.391631  0.14353  -0.755521  0.648362  -0.0938915  0.32382
0.190669  0.354733  0.915319  0.08201  0.626764  0.67364  -0.391631  0.14353  -0.755521  0.648362  -0.0938915  0.32382
0.191782  0.355693  0.914714  0.08188  0.627134  0.672502  -0.392994  0.14322  -0.754932  0.649017  -0.0940936  0.32376
0.191782  0.355693  0.914714  0.08188  0.627134  0.672502  -0.392994  0.14322  -0.754932  0.649017  -0.0940936  0.32376
0.191782  0.355693  0.914714  0.08188  0.627134  0.672502  -0.392994  0.14322  -0.754932  0.649017  -0.0940936  0.32376
0.191782  0.355693  0.914714  0.08188  0.627134  0.672502  -0.392994  0.14322  -0.754932  0.649017  -0.0940936  0.32376
0.191782  0.355693  0.914714  0.08188  0.627134  0.672502  -0.392994  0.14322  -0.754932  0.649017  -0.0940936  0.32376
0.191782  0.355693  0.914714  0.08188  0.627134  0.672502  -0.392994  0.14322  -0.754932  0.649017  -0.0940936  0.32376
0.191782  0.355693  0.914714  0.08188  0.627134  0.672502  -0.392994  0.14322  -0.754932  0.649017  -0.0940936  0.32376
0.191782  0.355693  0.914714  0.08188  0.627134  0.672502  -0.392994  0.14322  -0.754932  0.649017  -0.0940936  0.32376
0.192976  0.356711  0.914066  0.08174  0.627549  0.671264  -0.394445  0.1429  -0.754283  0.64974  -0.094316  0.3237
0.192976  0.356711  0.914066  0.08174  0.627549  0.671264  -0.394445  0.1429  -0.754283  0.64974  -0.094316  0.3237
0.192976  0.356711  0.914066  0.08174  0.627549  0.671264  -0.394445  0.1429  -0.754283  0.64974  -0.094316  0.3237
0.192976  0.356711  0.914066  0.08174  0.627549  0.671264  -0.394445  0.1429  -0.754283  0.64974  -0.094316  0.3237
0.192976  0.356711  0.914066  0.08174  0.627549  0.671264  -0.394445  0.1429  -0.754283  0.64974  -0.094316  0.3237
0.192976  0.356711  0.914066  0.08174  0.627549  0.671264  -0.394445  0.1429  -0.754283  0.64974  -0.094316  0.3237
0.192976  0.356711  0.914066  0.08174  0.627549  0.671264  -0.394445  0.1429  -0.754283  0.64974  -0.094316  0.3237
0.192976  0.356711  0.914066  0.08174  0.627549  0.671264  -0.394445  0.1429  -0.754283  0.64974  -0.094316  0.3237
0.194216  0.357806  0.913376  0.08159  0.627941  0.66999  -0.395984  0.14255  -0.753638  0.650453  -0.0945584  0.32362
0.194216  0.357806  0.913376  0.08159  0.627941  0.66999  -0.395984  0.14255  -0.753638  0.650453  -0.0945584  0.32362
0.194216  0.357806  0.913376  0.08159  0.627941  0.66999  -0.395984  0.14255  -0.753638  0.650453  -0.0945584  0.32362
0.194216  0.357806  0.913376  0.08159  0.627941  0.66999  -0.395984  0.14255  -0.753638  0.650453  -0.0945584  0.32362
0.194216  0.357806  0.913376  0.08159  0.627941  0.66999  -0.395984  0.14255  -0.753638  0.650453  -0.0945584  0.32362
0.194216  0.357806  0.913376  0.08159  0.627941  0.66999  -0.395984  0.14255  -0.753638  0.650453  -0.0945584  0.32362
0.194216  0.357806  0.913376  0.08159  0.627941  0.66999  -0.395984  0.14255  -0.753638  0.650453  -0.0945584  0.32362
0.194216  0.357806  0.913376  0.08159  0.627941  0.66999  -0.395984  0.14255  -0.753638  0.650453  -0.0945584  0.32362
0.195415  0.358817  0.912723  0.08145  0.628349  0.668748  -0.397434  0.14222  -0.752987  0.651174  -0.0947785  0.32355
0.195415  0.358817  0.912723  0.08145  0.628349  0.668748  -0.397434  0.14222  -0.752987  0.651174  -0.0947785  0.32355
0.195415  0.358817  0.912723  0.08145  0.628349  0.668748  -0.397434  0.14222  -0.752987  0.651174  -0.0947785  0.32355
0.195415  0.358817  0.912723  0.08145  0.628349  0.668748  -0.397434  0.14222  -0.752987  0.651174  -0.0947785  0.32355
0.195415  0.358817  0.912723  0.08145  0.628349  0.668748  -0.397434  0.14222  -0.752987  0.651174  -0.0947785  0.32355
0.195415  0.358817  0.912723  0.08145  0.628349  0.668748  -0.397434  0.14222  -0.752987  0.651174  -0.0947785  0.32355
0.195415  0.358817  0.912723  0.08145  0.628349  0.668748  -0.397434  0.14222  -0.752987  0.651174  -0.0947785  0.32355
0.195415  0.358817  0.912723  0.08145  0.628349  0.668748  -0.397434  0.14222  -0.752987  0.651174  -0.0947785  0.32355
0.196538  0.359763  0.912109  0.08132  0.628706  0.667602  -0.398794  0.14192  -0.752397  0.651827  -0.0949763  0.32349
0.196538  0.359763  0.912109  0.08132  0.628706  0.667602  -0.398794  0.14192  -0.752397  0.651827  -0.0949763  0.32349
0.196538  0.359763  0.912109  0.08132  0.628706  0.667602  -0.398794  0.14192  -0.752397  0.651827  -0.0949763  0.32349
0.196538  0.359763  0.912109  0.08132  0.628706  0.667602  -0.398794  0.14192  -0.752397  0.651827  -0.0949763  0.32349
0.196538  0.359763  0.912109  0.08132  0.628706  0.667602  -0.398794  0.14192  -0.752397  0.651827  -0.0949763  0.32349
0.196538  0.359763  0.912109  0.08132  0.628706  0.667602  -0.398794  0.14192  -0.752397  0.651827  -0.0949763  0.32349
0.196538  0.359763  0.912109  0.08132  0.628706  0.667602  -0.398794  0.14192  -0.752397  0.651827  -0.0949763  0.32349
0.196538  0.359763  0.912109  0.08132  0.628706  0.667602  -0.398794  0.14192  -0.752397  0.651827  -0.0949763  0.32349
0.197786  0.360847  0.911411  0.0811  0.629088  0.666321  -0.40033  0.14158  -0.75175  0.652538  -0.0952153  0.32342
0.197786  0.360847  0.911411  0.0811  0.629088  0.666321  -0.40033  0.14158  -0.75175  0.652538  -0.0952153  0.32342
0.197786  0.360847  0.911411  0.0811  0.629088  0.666321  -0.40033  0.14158  -0.75175  0.652538  -0.0952153  0.32342
0.197786  0.360847  0.911411  0.0811  0.629088  0.666321  -0.40033  0.14158  -0.75175  0.652538  -0.0952153  0.32342
0.197786  0.360847  0.911411  0.0811  0.629088  0.666321  -0.40033  0.14158  -0.75175  0.652538  -0.0952153  0.32342
0.197786  0.360847  0.911411  0.0811  0.629088  0.666321  -0.40033  0.14158  -0.75175  0.652538  -0.0952153  0.32342
0.197786  0.360847  0.911411  0.0811  0.629088  0.666321  -0.40033  0.14158  -0.75175  0.652538  -0.0952153  0.32342
0.197786  0.360847  0.911411  0.0811  0.629088  0.666321  -0.40033  0.14158  -0.75175  0.652538  -0.0952153  0.32342
0.198994  0.361847  0.910751  0.08103  0.629561  0.665008  -0.401767  0.14125  -0.751036  0.653323  -0.0954723  0.32335
0.198994  0.361847  0.910751  0.08103  0.629561  0.665008  -0.401767  0.14125  -0.751036  0.653323  -0.0954723  0.32335
0.198994  0.361847  0.910751  0.08103  0.629561  0.665008  -0.401767  0.14125  -0.751036  0.653323  -0.0954723  0.32335
0.198994  0.361847  0.910751  0.08103  0.629561  0.665008  -0.401767  0.14125  -0.751036  0.653323  -0.0954723  0.32335
0.198994  0.361847  0.910751  0.08103  0.629561  0.665008  -0.401767  0.14125  -0.751036  0.653323  -0.0954723  0.32335
0.198994  0.361847  0.910751  0.08103  0.629561  0.665008  -0.401767  0.14125  -0.751036  0.653323  -0.0954723  0.32335
0.198994  0.361847  0.910751  0.08103  0.629561  0.665008  -0.401767  0.14125  -0.751036  0.653323  -0.0954723  0.32335
0.198994  0.361847  0.910751  0.08103  0.629561  0.665008  -0.401767  0.14125  -0.751036  0.653323  -0.0954723  0.32335
0.200248  0.362923  0.910048  0.08088  0.629936  0.663723  -0.403302  0.1409  -0.750388  0.654032  -0.0957091  0.32327
0.200248  0.362923  0.910048  0.08088  0.629936  0.663723  -0.403302  0.1409  -0.750388  0.654032  -0.0957091  0.32327
0.200248  0.362923  0.910048  0.08088  0.629936  0.663723  -0.403302  0.1409  -0.750388  0.654032  -0.0957091  0.32327
0.200248  0.362923  0.910048  0.08088  0.629936  0.663723  -0.403302  0.1409  -0.750388  0.654032  -0.0957091  0.32327
0.200248  0.362923  0.910048  0.08088  0.629936  0.663723  -0.403302  0.1409  -0.750388  0.654032  -0.0957091  0.32327
0.200248  0.362923  0.910048  0.08088  0.629936  0.663723  -0.403302  0.1409  -0.750388  0.654032  -0.0957091  0.32327
0.200248  0.362923  0.910048  0.08088  0.629936  0.663723  -0.403302  0.1409  -0.750388  0.654032  -0.0957091  0.32327
0.200248  0.362923  0.910048  0.08088  0.629936  0.663723  -0.403302  0.1409  -0.750388  0.654032  -0.0957091  0.32327
0.201344  0.363877  0.909425  0.08075  0.630288  0.662568  -0.404649  0.14059  -0.749798  0.654674  -0.0959433  0.3232
0.201344  0.363877  0.909425  0.08075  0.630288  0.662568  -0.404649  0.14059  -0.749798  0.654674  -0.0959433  0.3232
0.201344  0.363877  0.909425  0.08075  0.630288  0.662568  -0.404649  0.14059  -0.749798  0.654674  -0.0959433  0.3232
0.201344  0.363877  0.909425  0.08075  0.630288  0.662568  -0.404649  0.14059  -0.749798  0.654674  -0.0959433  0.3232
0.201344  0.363877  0.909425  0.08075  0.630288  0.662568  -0.404649  0.14059  -0.749798  0.654674  -0.0959433  0.3232
0.201344  0.363877  0.909425  0.08075  0.630288  0.662568  -0.404649  0.14059  -0.749798  0.654674  -0.0959433  0.3232
0.201344  0.363877  0.909425  0.08075  0.630288  0.662568  -0.404649  0.14059  -0.749798  0.654674  -0.0959433  0.3232
0.201344  0.363877  0.909425  0.08075  0.630288  0.662568  -0.404649  0.14059  -0.749798  0.654674  -0.0959433  0.3232
0.202559  0.364866  0.908759  0.0806  0.630751  0.661249  -0.406083  0.14025  -0.749082  0.655456  -0.0961976  0.32312
0.202559  0.364866  0.908759  0.0806  0.630751  0.661249  -0.406083  0.14025  -0.749082  0.655456  -0.0961976  0.32312
0.202559  0.364866  0.908759  0.0806  0.630751  0.661249  -0.406083  0.14025  -0.749082  0.655456  -0.0961976  0.32312
0.202559  0.364866  0.908759  0.0806  0.630751  0.661249  -0.406083  0.14025  -0.749082  0.655456  -0.0961976  0.32312
0.202559  0.364866  0.908759  0.0806  0.630751  0.661249  -0.406083  0.14025  -0.749082  0.655456  -0.0961976  0.32312
0.202559  0.364866  0.908759  0.0806  0.630751  0.661249  -0.406083  0.14025  -0.749082  0.655456  -0.0961976  0.32312
0.202559  0.364866  0.908759  0.0806  0.630751  0.661249  -0.406083  0.14025  -0.749082  0.655456  -0.0961976  0.32312
0.202559  0.364866  0.908759  0.0806  0.630751  0.661249  -0.406083  0.14025  -0.749082  0.655456  -0.0961976  0.32312
0.20374  0.365872  0.90809  0.08045  0.631144  0.659991  -0.407517  0.13993  -0.74843  0.656163  -0.0964512  0.32305
0.20374  0.365872  0.90809  0.08045  0.631144  0.659991  -0.407517  0.13993  -0.74843  0.656163  -0.0964512  0.32305
0.20374  0.365872  0.90809  0.08045  0.631144  0.659991  -0.407517  0.13993  -0.74843  0.656163  -0.0964512  0.32305
0.20374  0.365872  0.90809  0.08045  0.631144  0.659991  -0.407517  0.13993  -0.74843  0.656163  -0.0964512  0.32305
0.20374  0.365872  0.90809  0.08045  0.631144  0.659991  -0.407517  0.13993  -0.74843  0.656163  -0.0964512  0.32305
0.20374  0.365872  0.90809  0.08045  0.631144  0.659991  -0.407517  0.13993  -0.74843  0.656163  -0.0964512  0.32305
0.20374  0.365872  0.90809  0.08045  0.631144  0.659991  -0.407517  0.13993  -0.74843  0.656163  -0.0964512  0.32305
0.20374  0.365872  0.90809  0.08045  0.631144  0.659991  -0.407517  0.13993  -0.74843  0.656163  -0.0964512  0.32305
0.205049  0.367013  0.907335  0.0803  0.631559  0.658596  -0.409126  0.13957  -0.747722  0.656926  -0.0967457  0.32296
0.205049  0.367013  0.907335  0.0803  0.631559  0.658596  -0.409126  0.13957  -0.747722  0.656926  -0.0967457  0.32296
0.205049  0.367013  0.907335  0.0803  0.631559  0.658596  -0.409126  0.13957  -0.747722  0.656926  -0.0967457  0.32296
0.205049  0.367013  0.907335  0.0803  0.631559  0.658596  -0.409126  0.13957  -0.747722  0.656926  -0.0967457  0.32296
0.205049  0.367013  0.907335  0.0803  0.631559  0.658596  -0.409126  0.13957  -0.747722  0.656926  -0.0967457  0.32296
0.205049  0.367013  0.907335  0.0803  0.631559  0.658596  -0.409126  0.13957  -0.747722  0.656926  -0.0967457  0.32296
0.205049  0.367013  0.907335  0.0803  0.631559  0.658596  -0.409126  0.13957  -0.747722  0.656926  -0.0967457  0.32296
0.205049  0.367013  0.907335  0.0803  0.631559  0.658596  -0.409126  0.13957  -0.747722  0.656926  -0.0967457  0.32296
0.206191  0.367933  0.906703  0.08015  0.631965  0.65737  -0.41047  0.13925  -0.747065  0.65764  -0.0969767  0.32289
0.206191  0.367933  0.906703  0.08015  0.631965  0.65737  -0.41047  0.13925  -0.747065  0.65764  -0.0969767  0.32289
0.206191  0.367933  0.906703  0.08015  0.631965  0.65737  -0.41047  0.13925  -0.747065  0.65764  -0.0969767  0.32289
0.206191  0.367933  0.906703  0.08015  0.631965  0.65737  -0.41047  0.13925  -0.747065  0.65764  -0.0969767  0.32289
0.206191  0.367933  0.906703  0.08015  0.631965  0.65737  -0.41047  0.13925  -0.747065  0.65764  -0.0969767  0.32289
0.206191  0.367933  0.906703  0.08015  0.631965  0.65737  -0.41047  0.13925  -0.747065  0.65764  -0.0969767  0.32289
0.206191  0.367933  0.906703  0.08015  0.631965  0.65737  -0.41047  0.13925  -0.747065  0.65764  -0.0969767  0.32289
0.206191  0.367933  0.906703  0.08015  0.631965  0.65737  -0.41047  0.13925  -0.747065  0.65764  -0.0969767  0.32289
0.20738  0.368929  0.906027  0.08001  0.632347  0.656106  -0.4119  0.13893  -0.746412  0.658343  -0.0972277  0.32281
0.20738  0.368929  0.906027  0.08001  0.632347  0.656106  -0.4119  0.13893  -0.746412  0.658343  -0.0972277  0.32281
0.20738  0.368929  0.906027  0.08001  0.632347  0.656106  -0.4119  0.13893  -0.746412  0.658343  -0.0972277  0.32281
0.20738  0.368929  0.906027  0.08001  0.632347  0.656106  -0.4119  0.13893  -0.746412  0.658343  -0.0972277  0.32281
0.20738  0.368929  0.906027  0.08001  0.632347  0.656106  -0.4119  0.13893  -0.746412  0.658343  -0.0972277  0.32281
0.20738  0.368929  0.906027  0.08001  0.632347  0.656106  -0.4119  0.13893  -0.746412  0.658343  -0.0972277  0.32281
0.20738  0.368929  0.906027  0.08001  0.632347  0.656106  -0.4119  0.13893  -0.746412  0.658343  -0.0972277  0.32281
0.20738  0.368929  0.906027  0.08001  0.632347  0.656106  -0.4119  0.13893  -0.746412  0.658343  -0.0972277  0.32281
0.208571  0.369921  0.905349  0.07986  0.632726  0.65484  -0.41333  0.1386  -0.745758  0.659047  -0.097478  0.32273
0.208571  0.369921  0.905349  0.07986  0.632726  0.65484  -0.41333  0.1386  -0.745758  0.659047  -0.097478  0.32273
0.208571  0.369921  0.905349  0.07986  0.632726  0.65484  -0.41333  0.1386  -0.745758  0.659047  -0.097478  0.32273
0.208571  0.369921  0.905349  0.07986  0.632726  0.65484  -0.41333  0.1386  -0.745758  0.659047  -0.097478  0.32273
0.208571  0.369921  0.905349  0.07986  0.632726  0.65484  -0.41333  0.1386  -0.745758  0.659047  -0.097478  0.32273
0.208571  0.369921  0.905349  0.07986  0.632726  0.65484  -0.41333  0.1386  -0.745758  0.659047  -0.097478  0.32273
0.208571  0.369921  0.905349  0.07986  0.632726  0.65484  -0.41333  0.1386  -0.745758  0.659047  -0.097478  0.32273
0.208571  0.369921  0.905349  0.07986  0.632726  0.65484  -0.41333  0.1386  -0.745758  0.659047  -0.097478  0.32273
0.209809  0.370989  0.904625  0.07971  0.633156  0.65347  -0.414837  0.13825  -0.745046  0.659806  -0.0977896  0.32264
0.209809  0.370989  0.904625  0.07971  0.633156  0.65347  -0.414837  0.13825  -0.745046  0.659806  -0.0977896  0.32264
0.209809  0.370989  0.904625  0.07971  0.633156  0.65347  -0.414837  0.13825  -0.745046  0.659806  -0.0977896  0.32264
0.209809  0.370989  0.904625  0.07971  0.633156  0.65347  -0.414837  0.13825  -0.745046  0.659806  -0.0977896  0.32264
0.209809  0.370989  0.904625  0.07971  0.633156  0.65347  -0.414837  0.13825  -0.745046  0.659806  -0.0977896  0.32264
0.209809  0.370989  0.904625  0.07971  0.633156  0.65347  -0.414837  0.13825  -0.745046  0.659806  -0.0977896  0.32264
0.209809  0.370989  0.904625  0.07971  0.633156  0.65347  -0.414837  0.13825  -0.745046  0.659806  -0.0977896  0.32264
0.209809  0.370989  0.904625  0.07971  0.633156  0.65347  -0.414837  0.13825  -0.745046  0.659806  -0.0977896  0.32264
0.211005  0.371974  0.903942  0.07956  0.633528  0.652201  -0.416265  0.13792  -0.744392  0.660507  -0.0980383  0.32256
0.211005  0.371974  0.903942  0.07956  0.633528  0.652201  -0.416265  0.13792  -0.744392  0.660507  -0.0980383  0.32256
0.211005  0.371974  0.903942  0.07956  0.633528  0.652201  -0.416265  0.13792  -0.744392  0.660507  -0.0980383  0.32256
0.211005  0.371974  0.903942  0.07956  0.633528  0.652201  -0.416265  0.13792  -0.744392  0.660507  -0.0980383  0.32256
0.211005  0.371974  0.903942  0.07956  0.633528  0.652201  -0.416265  0.13792  -0.744392  0.660507  -0.0980383  0.32256
0.211005  0.371974  0.903942  0.07956  0.633528  0.652201  -0.416265  0.13792  -0.744392  0.660507  -0.0980383  0.32256
0.211005  0.371974  0.903942  0.07956  0.633528  0.652201  -0.416265  0.13792  -0.744392  0.660507  -0.0980383  0.32256
0.211005  0.371974  0.903942  0.07956  0.633528  0.652201  -0.416265  0.13792  -0.744392  0.660507  -0.0980383  0.32256
0.212122  0.372899  0.9033  0.0794  0.633926  0.650962  -0.417594  0.13761  -0.743735  0.661207  -0.0983073  0.32248
0.212122  0.372899  0.9033  0.0794  0.633926  0.650962  -0.417594  0.13761  -0.743735  0.661207  -0.0983073  0.32248
0.212122  0.372899  0.9033  0.0794  0.633926  0.650962  -0.417594  0.13761  -0.743735  0.661207  -0.0983073  0.32248
0.212122  0.372899  0.9033  0.0794  0.633926  0.650962  -0.417594  0.13761  -0.743735  0.661207  -0.0983073  0.32248
0.212122  0.372899  0.9033  0.0794  0.633926  0.650962  -0.417594  0.13761  -0.743735  0.661207  -0.0983073  0.32248
0.212122  0.372899  0.9033  0.0794  0.633926  0.650962  -0.417594  0.13761  -0.743735  0.661207  -0.0983073  0.32248
0.212122  0.372899  0.9033  0.0794  0.633926  0.650962  -0.417594  0.13761  -0.743735  0.661207  -0.0983073  0.32248
0.212122  0.372899  0.9033  0.0794  0.633926  0.650962  -0.417594  0.13761  -0.743735  0.661207  -0.0983073  0.32248
0.213322  0.373878  0.902612  0.07926  0.634366  0.649623  -0.419011  0.13728  -0.743016  0.661971  -0.0985965  0.32239
0.213322  0.373878  0.902612  0.07926  0.634366  0.649623  -0.419011  0.13728  -0.743016  0.661971  -0.0985965  0.32239
0.213322  0.373878  0.902612  0.07926  0.634366  0.649623  -0.419011  0.13728  -0.743016  0.661971  -0.0985965  0.32239
0.213322  0.373878  0.902612  0.07926  0.634366  0.649623  -0.419011  0.13728  -0.743016  0.661971  -0.0985965  0.32239
0.213322  0.373878  0.902612  0.07926  0.634366  0.649623  -0.419011  0.13728  -0.743016  0.661971  -0.0985965  0.32239
0.213322  0.373878  0.902612  0.07926  0.634366  0.649623  -0.419011  0.13728  -0.743016  0.661971  -0.0985965  0.32239
0.213322  0.373878  0.902612  0.07926  0.634366  0.649623  -0.419011  0.13728  -0.743016  0.661971  -0.0985965  0.32239
0.213322  0.373878  0.902612  0.07926  0.634366  0.649623  -0.419011  0.13728  -0.743016  0.661971  -0.0985965  0.32239
0.214525  0.374853  0.901922  0.07911  0.634802  0.648281  -0.420426  0.13695  -0.742297  0.662734  -0.0988851  0.3223
0.214525  0.374853  0.901922  0.07911  0.634802  0.648281  -0.420426  0.13695  -0.742297  0.662734  -0.0988851  0.3223
0.214525  0.374853  0.901922  0.07911  0.634802  0.648281  -0.420426  0.13695  -0.742297  0.662734  -0.0988851  0.3223
0.214525  0.374853  0.901922  0.07911  0.634802  0.648281  -0.420426  0.13695  -0.742297  0.662734  -0.0988851  0.3223
0.214525  0.374853  0.901922  0.07911  0.634802  0.648281  -0.420426  0.13695  -0.742297  0.662734  -0.0988851  0.3223
0.214525  0.374853  0.901922  0.07911  0.634802  0.648281  -0.420426  0.13695  -0.742297  0.662734  -0.0988851  0.3223
0.214525  0.374853  0.901922  0.07911  0.634802  0.648281  -0.420426  0.13695  -0.742297  0.662734  -0.0988851  0.3223
0.214525  0.374853  0.901922  0.07911  0.634802  0.648281  -0.420426  0.13695  -0.742297  0.662734  -0.0988851  0.3223
0.215693  0.375847  0.90123  0.07896  0.63517  0.647001  -0.42184  0.13661  -0.741644  0.663423  -0.0991732  0.32221
0.215693  0.375847  0.90123  0.07896  0.63517  0.647001  -0.42184  0.13661  -0.741644  0.663423  -0.0991732  0.32221
0.215693  0.375847  0.90123  0.07896  0.63517  0.647001  -0.42184  0.13661  -0.741644  0.663423  -0.0991732  0.32221
0.215693  0.375847  0.90123  0.07896  0.63517  0.647001  -0.42184  0.13661  -0.741644  0.663423  -0.0991732  0.32221
0.215693  0.375847  0.90123  0.07896  0.63517  0.647001  -0.42184  0.13661  -0.741644  0.663423  -0.0991732  0.32221
0.215693  0.375847  0.90123  0.07896  0.63517  0.647001  -0.42184  0.13661  -0.741644  0.663423  -0.0991732  0.32221
0.215693  0.375847  0.90123  0.07896  0.63517  0.647001  -0.42184  0.13661  -0.741644  0.663423  -0.0991732  0.32221
0.215693  0.375847  0.90123  0.07896  0.63517  0.647001  -0.42184  0.13661  -0.741644  0.663423  -0.0991732  0.32221
0.216818  0.376759  0.900579  0.07881  0.635556  0.645755  -0.423165  0.1363  -0.740985  0.664118  -0.0994401  0.32213
0.216818  0.376759  0.900579  0.07881  0.635556  0.645755  -0.423165  0.1363  -0.740985  0.664118  -0.0994401  0.32213
0.216818  0.376759  0.900579  0.07881  0.635556  0.645755  -0.423165  0.1363  -0.740985  0.664118  -0.0994401  0.32213
0.216818  0.376759  0.900579  0.07881  0.635556  0.645755  -0.423165  0.1363  -0.740985  0.664118  -0.0994401  0.32213
0.216818  0.376759  0.900579  0.07881  0.635556  0.645755  -0.423165  0.1363  -0.740985  0.664118  -0.0994401  0.32213
0.216818  0.376759  0.900579  0.07881  0.635556  0.645755  -0.423165  0.1363  -0.740985  0.664118  -0.0994401  0.32213
0.216818  0.376759  0.900579  0.07881  0.635556  0.645755  -0.423165  0.1363  -0.740985  0.664118  -0.0994401  0.32213
0.216818  0.376759  0.900579  0.07881  0.635556  0.645755  -0.423165  0.1363  -0.740985  0.664118  -0.0994401  0.32213
0.218028  0.377724  0.899882  0.07866  0.635982  0.644407  -0.424577  0.13597  -0.740264  0.664879  -0.0997272  0.32204
0.218028  0.377724  0.899882  0.07866  0.635982  0.644407  -0.424577  0.13597  -0.740264  0.664879  -0.0997272  0.32204
0.218028  0.377724  0.899882  0.07866  0.635982  0.644407  -0.424577  0.13597  -0.740264  0.664879  -0.0997272  0.32204
0.218028  0.377724  0.899882  0.07866  0.635982  0.644407  -0.424577  0.13597  -0.740264  0.664879  -0.0997272  0.32204
0.218028  0.377724  0.899882  0.07866  0.635982  0.644407  -0.424577  0.13597  -0.740264  0.664879  -0.0997272  0.32204
0.218028  0.377724  0.899882  0.07866  0.635982  0.644407  -0.424577  0.13597  -0.740264  0.664879  -0.0997272  0.32204
0.218028  0.377724  0.899882  0.07866  0.635982  0.644407  -0.424577  0.13597  -0.740264  0.664879  -0.0997272  0.32204
0.218028  0.377724  0.899882  0.07866  0.635982  0.644407  -0.424577  0.13597  -0.740264  0.664879  -0.0997272  0.32204
0.219202  0.378708  0.899184  0.07851  0.63634  0.643121  -0.425989  0.13565  -0.739609  0.665564  -0.100014  0.32195
0.219202  0.378708  0.899184  0.07851  0.63634  0.643121  -0.425989  0.13565  -0.739609  0.665564  -0.100014  0.32195
0.219202  0.378708  0.899184  0.07851  0.63634  0.643121  -0.425989  0.13565  -0.739609  0.665564  -0.100014  0.32195
0.219202  0.378708  0.899184  0.07851  0.63634  0.643121  -0.425989  0.13565  -0.739609  0.665564  -0.100014  0.32195
0.219202  0.378708  0.899184  0.07851  0.63634  0.643121  -0.425989  0.13565  -0.739609  0.665564  -0.100014  0.32195
0.219202  0.378708  0.899184  0.07851  0.63634  0.643121  -0.425989  0.13565  -0.739609  0.665564  -0.100014  0.32195
0.219202  0.378708  0.899184  0.07851  0.63634  0.643121  -0.425989  0.13565  -0.739609  0.665564  -0.100014  0.32195
0.219202  0.378708  0.899184  0.07851  0.63634  0.643121  -0.425989  0.13565  -0.739609  0.665564  -0.100014  0.32195
0.220378  0.379688  0.898482  0.0783  0.636695  0.641834  -0.427399  0.13532  -0.738954  0.666248  -0.1003  0.32186
0.220378  0.379688  0.898482  0.0783  0.636695  0.641834  -0.427399  0.13532  -0.738954  0.666248  -0.1003  0.32186
0.220378  0.379688  0.898482  0.0783  0.636695  0.641834  -0.427399  0.13532  -0.738954  0.666248  -0.1003  0.32186
0.220378  0.379688  0.898482  0.0783  0.636695  0.641834  -0.427399  0.13532  -0.738954  0.666248  -0.1003  0.32186
0.220378  0.379688  0.898482  0.0783  0.636695  0.641834  -0.427399  0.13532  -0.738954  0.666248  -0.1003  0.32186
0.220378  0.379688  0.898482  0.0783  0.636695  0.641834  -0.427399  0.13532  -0.738954  0.666248  -0.1003  0.32186
0.220378  0.379688  0.898482  0.0783  0.636695  0.641834  -0.427399  0.13532  -0.738954  0.666248  -0.1003  0.32186
0.220378  0.379688  0.898482  0.0783  0.636695  0.641834  -0.427399  0.13532  -0.738954  0.666248  -0.1003  0.32186
0.221511  0.380588  0.897823  0.07821  0.637141  0.640514  -0.42871  0.13501  -0.73823  0.667004  -0.100607  0.32177
0.221511  0.380588  0.897823  0.07821  0.637141  0.640514  -0.42871  0.13501  -0.73823  0.667004  -0.100607  0.32177
0.221511  0.380588  0.897823  0.07821  0.637141  0.640514  -0.42871  0.13501  -0.73823  0.667004  -0.100607  0.32177
0.221511  0.380588  0.897823  0.07821  0.637141  0.640514  -0.42871  0.13501  -0.73823  0.667004  -0.100607  0.32177
0.221511  0.380588  0.897823  0.07821  0.637141  0.640514  -0.42871  0.13501  -0.73823  0.667004  -0.100607  0.32177
0.221511  0.380588  0.897823  0.07821  0.637141  0.640514  -0.42871  0.13501  -0.73823  0.667004  -0.100607  0.32177
0.221511  0.380588  0.897823  0.07821  0.637141  0.640514  -0.42871  0.13501  -0.73823  0.667004  -0.100607  0.32177
0.221511  0.380588  0.897823  0.07821  0.637141  0.640514  -0.42871  0.13501  -0.73823  0.667004  -0.100607  0.32177
0.222608  0.381507  0.897161  0.07806  0.637447  0.639323  -0.430031  0.13469  -0.737636  0.667621  -0.100872  0.32168
0.222608  0.381507  0.897161  0.07806  0.637447  0.639323  -0.430031  0.13469  -0.737636  0.667621  -0.100872  0.32168
0.222608  0.381507  0.897161  0.07806  0.637447  0.639323  -0.430031  0.13469  -0.737636  0.667621  -0.100872  0.32168
0.222608  0.381507  0.897161  0.07806  0.637447  0.639323  -0.430031  0.13469  -0.737636  0.667621  -0.100872  0.32168
0.222608  0.381507  0.897161  0.07806  0.637447  0.639323  -0.430031  0.13469  -0.737636  0.667621  -0.100872  0.32168
0.222608  0.381507  0.897161  0.07806  0.637447  0.639323  -0.430031  0.13469  -0.737636  0.667621  -0.100872  0.32168
0.222608  0.381507  0.897161  0.07806  0.637447  0.639323  -0.430031  0.13469  -0.737636  0.667621  -0.100872  0.32168
0.222608  0.381507  0.897161  0.07806  0.637447  0.639323  -0.430031  0.13469  -0.737636  0.667621  -0.100872  0.32168
0.223745  0.382401  0.896498  0.07791  0.637888  0.638  -0.431341  0.13438  -0.736911  0.668375  -0.101179  0.32159
0.223745  0.382401  0.896498  0.07791  0.637888  0.638  -0.431341  0.13438  -0.736911  0.668375  -0.101179  0.32159
0.223745  0.382401  0.896498  0.07791  0.637888  0.638  -0.431341  0.13438  -0.736911  0.668375  -0.101179  0.32159
0.223745  0.382401  0.896498  0.07791  0.637888  0.638  -0.431341  0.13438  -0.736911  0.668375  -0.101179  0.32159
0.223745  0.382401  0.896498  0.07791  0.637888  0.638  -0.431341  0.13438  -0.736911  0.668375  -0.101179  0.32159
0.223745  0.382401  0.896498  0.07791  0.637888  0.638  -0.431341  0.13438  -0.736911  0.668375  -0.101179  0.32159
0.223745  0.382401  0.896498  0.07791  0.637888  0.638  -0.431341  0.13438  -0.736911  0.668375  -0.101179  0.32159
0.223745  0.382401  0.896498  0.07791  0.637888  0.638  -0.431341  0.13438  -0.736911  0.668375  -0.101179  0.32159
0.224929  0.383368  0.895788  0.07776  0.638303  0.636638  -0.432737  0.13406  -0.73619  0.669119  -0.101507  0.32149
0.224929  0.383368  0.895788  0.07776  0.638303  0.636638  -0.432737  0.13406  -0.73619  0.669119  -0.101507  0.32149
0.224929  0.383368  0.895788  0.07776  0.638303  0.636638  -0.432737  0.13406  -0.73619  0.669119  -0.101507  0.32149
0.224929  0.383368  0.895788  0.07776  0.638303  0.636638  -0.432737  0.13406  -0.73619  0.669119  -0.101507  0.32149
0.224929  0.383368  0.895788  0.07776  0.638303  0.636638  -0.432737  0.13406  -0.73619  0.669119  -0.101507  0.32149
0.224929  0.383368  0.895788  0.07776  0.638303  0.636638  -0.432737  0.13406  -0.73619  0.669119  -0.101507  0.32149
0.224929  0.383368  0.895788  0.07776  0.638303  0.636638  -0.432737  0.13406  -0.73619  0.669119  -0.101507  0.32149
0.224929  0.383368  0.895788  0.07776  0.638303  0.636638  -0.432737  0.13406  -0.73619  0.669119  -0.101507  0.32149
0.226032  0.384279  0.89512  0.07761  0.6386  0.635442  -0.434054  0.13375  -0.735595  0.669734  -0.10177  0.3214
0.226032  0.384279  0.89512  0.07761  0.6386  0.635442  -0.434054  0.13375  -0.735595  0.669734  -0.10177  0.3214
0.226032  0.384279  0.89512  0.07761  0.6386  0.635442  -0.434054  0.13375  -0.735595  0.669734  -0.10177  0.3214
0.226032  0.384279  0.89512  0.07761  0.6386  0.635442  -0.434054  0.13375  -0.735595  0.669734  -0.10177  0.3214
0.226032  0.384279  0.89512  0.07761  0.6386  0.635442  -0.434054  0.13375  -0.735595  0.669734  -0.10177  0.3214
0.226032  0.384279  0.89512  0.07761  0.6386  0.635442  -0.434054  0.13375  -0.735595  0.669734  -0.10177  0.3214
0.226032  0.384279  0.89512  0.07761  0.6386  0.635442  -0.434054  0.13375  -0.735595  0.669734  -0.10177  0.3214
0.226032  0.384279  0.89512  0.07761  0.6386  0.635442  -0.434054  0.13375  -0.735595  0.669734  -0.10177  0.3214
0.227091  0.385109  0.894495  0.07747  0.638989  0.634215  -0.435274  0.13345  -0.73493  0.670419  -0.102056  0.32131
0.227091  0.385109  0.894495  0.07747  0.638989  0.634215  -0.435274  0.13345  -0.73493  0.670419  -0.102056  0.32131
0.227091  0.385109  0.894495  0.07747  0.638989  0.634215  -0.435274  0.13345  -0.73493  0.670419  -0.102056  0.32131
0.227091  0.385109  0.894495  0.07747  0.638989  0.634215  -0.435274  0.13345  -0.73493  0.670419  -0.102056  0.32131
0.227091  0.385109  0.894495  0.07747  0.638989  0.634215  -0.435274  0.13345  -0.73493  0.670419  -0.102056  0.32131
0.227091  0.385109  0.894495  0.07747  0.638989  0.634215  -0.435274  0.13345  -0.73493  0.670419  -0.102056  0.32131
0.227091  0.385109  0.894495  0.07747  0.638989  0.634215  -0.435274  0.13345  -0.73493  0.670419  -0.102056  0.32131
0.227091  0.385109  0.894495  0.07747  0.638989  0.634215  -0.435274  0.13345  -0.73493  0.670419  -0.102056  0.32131
0.228197  0.386013  0.893823  0.07732  0.639354  0.632949  -0.43658  0.13314  -0.73427  0.671095  -0.102362  0.32121
