0.139205  0.381121  0.913985  0.08349  0.747812  0.564582  -0.34932  0.12912  -0.649153  0.732116  -0.206414  0.28228
0.139225  0.380821  0.914107  0.08353  0.747628  0.564896  -0.349207  0.12914  -0.649361  0.73203  -0.206065  0.28237
0.139011  0.381775  0.913742  0.08338  0.748344  0.563816  -0.349419  0.12907  -0.648581  0.732366  -0.207322  0.28199
0.138893  0.382401  0.913498  0.08328  0.748794  0.563119  -0.349579  0.12903  -0.648087  0.732575  -0.208127  0.28175
0.138872  0.3827  0.913376  0.08324  0.749043  0.562732  -0.349668  0.12901  -0.647804  0.732716  -0.208512  0.28164
0.138713  0.383341  0.913131  0.08314  0.749501  0.562036  -0.349804  0.12897  -0.647307  0.732915  -0.209352  0.28138
0.1386  0.383867  0.912927  0.08305  0.74989  0.561444  -0.349923  0.12893  -0.646881  0.733094  -0.210042  0.28118
0.138471  0.384593  0.912641  0.08294  0.750401  0.560642  -0.350113  0.12888  -0.646316  0.733327  -0.210966  0.2809
0.138356  0.385119  0.912437  0.08284  0.750789  0.560049  -0.350229  0.12883  -0.645889  0.733504  -0.211657  0.28067
0.138279  0.385631  0.912232  0.0827  0.751169  0.559455  -0.350365  0.12879  -0.645464  0.733689  -0.212313  0.28048
0.138224  0.386329  0.911945  0.08266  0.751598  0.558722  -0.350613  0.12873  -0.644976  0.73388  -0.213135  0.28024
0.138146  0.386841  0.91174  0.08257  0.752042  0.558054  -0.350725  0.12868  -0.644475  0.734118  -0.213828  0.28003
0.138089  0.387539  0.911452  0.08246  0.752471  0.557321  -0.350969  0.12861  -0.643986  0.734307  -0.214652  0.27977
0.13804  0.388137  0.911205  0.08236  0.752903  0.55662  -0.351156  0.12856  -0.643492  0.734523  -0.215394  0.27955
0.138028  0.388721  0.910958  0.08228  0.753262  0.55599  -0.351385  0.1285  -0.643074  0.734691  -0.216067  0.27935
0.138008  0.389405  0.910669  0.0821  0.753682  0.555255  -0.351646  0.12844  -0.642586  0.734885  -0.216858  0.27912
0.137996  0.389989  0.910421  0.08208  0.754105  0.554551  -0.35185  0.12837  -0.642092  0.735107  -0.217567  0.2789
0.138013  0.390659  0.910131  0.08197  0.75458  0.55374  -0.352109  0.1283  -0.64153  0.735363  -0.21836  0.27866
0.137999  0.391242  0.909882  0.08188  0.755003  0.553035  -0.35231  0.12824  -0.641036  0.735582  -0.219071  0.27844
0.137985  0.391826  0.909633  0.08178  0.755361  0.552404  -0.352532  0.12817  -0.640617  0.735746  -0.219747  0.27823
0.138  0.392496  0.909342  0.08168  0.755836  0.551593  -0.352786  0.1281  -0.640053  0.735998  -0.220542  0.278
0.138054  0.393151  0.909051  0.08158  0.756237  0.550852  -0.353083  0.12803  -0.639567  0.736202  -0.221268  0.27778
0.138068  0.393821  0.908759  0.08147  0.756647  0.550114  -0.353355  0.12795  -0.639079  0.736397  -0.22203  0.27754
0.13809  0.394391  0.908508  0.08138  0.75706  0.549406  -0.353572  0.12788  -0.638585  0.73662  -0.22271  0.27733
0.138143  0.395046  0.908215  0.08128  0.757461  0.548665  -0.353865  0.1278  -0.638099  0.736821  -0.223438  0.27712
0.138194  0.395701  0.907922  0.08118  0.757861  0.547923  -0.354156  0.12773  -0.637612  0.737021  -0.224167  0.2769
0.138255  0.396257  0.907671  0.08108  0.758328  0.547139  -0.354369  0.12765  -0.637043  0.737305  -0.224848  0.27668
0.138335  0.396998  0.907335  0.08097  0.758716  0.546364  -0.354734  0.12756  -0.636563  0.737482  -0.225627  0.27646
0.138395  0.397553  0.907082  0.08088  0.759119  0.545653  -0.354967  0.12748  -0.63607  0.737709  -0.226275  0.27625
0.138484  0.398195  0.906787  0.08078  0.759509  0.544908  -0.355276  0.1274  -0.635584  0.737914  -0.226971  0.27604
0.138573  0.398836  0.906492  0.08068  0.7599  0.544163  -0.355583  0.12732  -0.635098  0.738117  -0.227669  0.27583
0.138662  0.399476  0.906196  0.08058  0.760353  0.543344  -0.355866  0.12723  -0.634536  0.738374  -0.228402  0.27561
0.13879  0.400103  0.9059  0.08048  0.760797  0.542522  -0.356171  0.12715  -0.633976  0.738639  -0.229101  0.27539
0.138847  0.400659  0.905646  0.08039  0.761135  0.541883  -0.356422  0.12707  -0.633558  0.738807  -0.229716  0.27519
0.138975  0.401285  0.905349  0.08029  0.761578  0.541061  -0.356724  0.12698  -0.632997  0.739069  -0.230416  0.27499
0.139072  0.401826  0.905094  0.08  0.761969  0.540345  -0.356973  0.1269  -0.632504  0.739299  -0.231032  0.27478
0.139159  0.402467  0.904796  0.0801  0.762358  0.539598  -0.357273  0.12681  -0.632017  0.739496  -0.231734  0.27457
0.139325  0.403079  0.904498  0.08  0.762791  0.538773  -0.357595  0.12672  -0.631458  0.739764  -0.2324  0.27436
0.139451  0.403705  0.904199  0.07991  0.763169  0.538023  -0.357916  0.12664  -0.630972  0.739969  -0.233068  0.27417
0.139548  0.404246  0.903942  0.07981  0.763559  0.537306  -0.358161  0.12655  -0.630479  0.740194  -0.233686  0.27396
0.139673  0.404872  0.903643  0.07972  0.763874  0.536629  -0.358503  0.12647  -0.630069  0.740343  -0.234319  0.27376
0.139839  0.405484  0.903343  0.07962  0.764306  0.535802  -0.358821  0.12638  -0.629509  0.740607  -0.234988  0.27356
0.139934  0.406024  0.903085  0.07953  0.764695  0.535085  -0.359063  0.12629  -0.629015  0.74083  -0.235608  0.27336
0.140059  0.40665  0.902784  0.07944  0.765009  0.534407  -0.359402  0.12621  -0.628605  0.740976  -0.236242  0.27317
0.140194  0.407176  0.902526  0.07934  0.765451  0.533613  -0.359642  0.12612  -0.628037  0.741259  -0.236863  0.27297
0.140359  0.407787  0.902224  0.07925  0.765818  0.532858  -0.35998  0.12604  -0.627553  0.741466  -0.237499  0.27278
0.140454  0.408327  0.901966  0.07916  0.766206  0.53214  -0.360217  0.12595  -0.627058  0.741685  -0.238121  0.27258
0.140589  0.408853  0.901706  0.07907  0.766584  0.531418  -0.360478  0.12586  -0.626566  0.741912  -0.238708  0.27239
0.140753  0.409464  0.901403  0.07898  0.766949  0.530663  -0.360812  0.12578  -0.626081  0.742116  -0.239345  0.2722
0.140888  0.409989  0.901143  0.07889  0.767327  0.529941  -0.361071  0.1257  -0.625588  0.742342  -0.239933  0.27201
0.140982  0.410528  0.900883  0.0788  0.767651  0.529295  -0.361329  0.12561  -0.625169  0.742504  -0.240522  0.27183
0.141116  0.411054  0.900623  0.07871  0.768027  0.528573  -0.361586  0.12552  -0.624676  0.742728  -0.24111  0.27163
0.14128  0.411664  0.900318  0.07863  0.768329  0.52789  -0.361942  0.12544  -0.624268  0.742876  -0.241713  0.27145
0.141455  0.412175  0.900057  0.07854  0.768758  0.52709  -0.362197  0.12536  -0.6237  0.74316  -0.242303  0.27127
0.141589  0.4127  0.899795  0.0784  0.769071  0.526441  -0.362476  0.12527  -0.623283  0.743329  -0.242857  0.27109
0.141723  0.413225  0.899533  0.07837  0.769446  0.525718  -0.36273  0.12519  -0.62279  0.74355  -0.243448  0.27091
0.141856  0.413749  0.899271  0.07828  0.769759  0.525068  -0.363007  0.1251  -0.622373  0.743717  -0.244003  0.27072
0.14199  0.414274  0.899008  0.0782  0.770134  0.524344  -0.363259  0.12502  -0.621879  0.743936  -0.244595  0.27055
0.142136  0.414699  0.898789  0.07812  0.77051  0.523651  -0.363461  0.12494  -0.621379  0.744187  -0.2451  0.27037
0.142269  0.415223  0.898526  0.07803  0.770822  0.523001  -0.363736  0.12486  -0.620962  0.744352  -0.245656  0.27019
0.142402  0.415747  0.898263  0.07795  0.771133  0.522351  -0.36401  0.12477  -0.620544  0.744516  -0.246213  0.27002
0.142577  0.416257  0.897999  0.07787  0.771497  0.521623  -0.364284  0.12469  -0.620052  0.744741  -0.24677  0.26984
0.14271  0.416781  0.897735  0.07779  0.771808  0.520972  -0.364557  0.12461  -0.619635  0.744904  -0.247327  0.26967
0.142855  0.417206  0.897514  0.07771  0.77212  0.520352  -0.36478  0.12453  -0.619212  0.745099  -0.247798  0.2695
0.143029  0.417715  0.89725  0.07763  0.772482  0.519623  -0.365051  0.12445  -0.618719  0.745323  -0.248356  0.26933
0.143162  0.418239  0.896984  0.07755  0.772793  0.518971  -0.365322  0.12436  -0.618301  0.745483  -0.248915  0.26916
0.143307  0.418663  0.896763  0.07747  0.773104  0.518351  -0.365543  0.12428  -0.617878  0.745676  -0.249387  0.26899
0.143481  0.419172  0.896498  0.07739  0.773465  0.517622  -0.365813  0.1242  -0.617385  0.745897  -0.249946  0.26883
0.143627  0.419596  0.896276  0.07732  0.773777  0.517001  -0.366033  0.12412  -0.616961  0.746089  -0.250418  0.26866
0.143759  0.420119  0.89601  0.07724  0.774085  0.516348  -0.366301  0.12404  -0.616543  0.746247  -0.250979  0.2685
0.143904  0.420543  0.895788  0.07716  0.774396  0.515727  -0.36652  0.12396  -0.616119  0.746438  -0.251452  0.26833
0.144049  0.420967  0.895565  0.07709  0.774706  0.515106  -0.366738  0.12388  -0.615695  0.746628  -0.251925  0.26817
0.144223  0.421475  0.895298  0.07701  0.775066  0.514375  -0.367004  0.1238  -0.615202  0.746845  -0.252486  0.26801
0.144368  0.421898  0.895075  0.07694  0.775375  0.513753  -0.367221  0.12372  -0.614777  0.747034  -0.25296  0.26785
0.144512  0.422322  0.894852  0.07686  0.775685  0.513131  -0.367438  0.12364  -0.614353  0.747222  -0.253435  0.26769
0.144657  0.422745  0.894629  0.07679  0.775994  0.512508  -0.367654  0.12356  -0.613929  0.74741  -0.253909  0.26753
0.144873  0.423238  0.894361  0.07672  0.776341  0.511774  -0.367943  0.12348  -0.613438  0.747634  -0.254435  0.26737
0.145018  0.423661  0.894137  0.07665  0.77665  0.511151  -0.368157  0.1234  -0.613013  0.747821  -0.25491  0.26721
0.145163  0.424084  0.893913  0.07657  0.776897  0.510603  -0.368397  0.12332  -0.612666  0.747956  -0.255349  0.26706
0.145308  0.424507  0.893689  0.0765  0.777204  0.509979  -0.368611  0.12325  -0.612241  0.748141  -0.255825  0.2669
0.145495  0.424915  0.893464  0.07643  0.777563  0.509278  -0.368825  0.12317  -0.611741  0.748387  -0.256301  0.26675
0.14564  0.425338  0.89324  0.07636  0.777809  0.50873  -0.369063  0.12309  -0.611394  0.74852  -0.25674  0.26659
0.145827  0.425746  0.893015  0.07629  0.778167  0.508028  -0.369275  0.12301  -0.610894  0.748764  -0.257217  0.26644
0.145971  0.426168  0.892789  0.07622  0.778412  0.507479  -0.369513  0.12293  -0.610546  0.748896  -0.257657  0.26629
0.146159  0.426576  0.892564  0.07616  0.778769  0.506777  -0.369724  0.12285  -0.610046  0.74914  -0.258134  0.26614
0.146303  0.426998  0.892339  0.07609  0.779014  0.506227  -0.369961  0.12277  -0.609699  0.749271  -0.258575  0.26599
0.146462  0.427321  0.892158  0.07602  0.779382  0.50556  -0.370098  0.12269  -0.60919  0.749537  -0.259001  0.26584
0.146606  0.427743  0.891932  0.07595  0.779627  0.50501  -0.370334  0.12261  -0.608842  0.749667  -0.259442  0.2657
0.146794  0.42815  0.891706  0.07589  0.779922  0.504382  -0.370569  0.12253  -0.608419  0.749858  -0.259883  0.26555
0.146981  0.428557  0.891479  0.07582  0.780216  0.503753  -0.370804  0.12246  -0.607996  0.750048  -0.260325  0.2654
0.147097  0.428894  0.891298  0.07575  0.780472  0.503238  -0.370966  0.12238  -0.60764  0.750201  -0.260715  0.26526
0.147284  0.429301  0.891071  0.07569  0.780766  0.502609  -0.3712  0.1223  -0.607217  0.75039  -0.261157  0.26511
0.147472  0.429708  0.890844  0.07562  0.781059  0.50198  -0.371433  0.12222  -0.606794  0.750578  -0.261599  0.26497
0.147588  0.430045  0.890662  0.07556  0.781375  0.501389  -0.371567  0.12214  -0.606359  0.75078  -0.262027  0.26482
0.147775  0.430451  0.890435  0.0755  0.781668  0.50076  -0.3718  0.12206  -0.605936  0.750967  -0.26247  0.26468
0.147963  0.430857  0.890207  0.07543  0.78196  0.50013  -0.372032  0.12198  -0.605513  0.751154  -0.262913  0.26454
0.148122  0.431179  0.890025  0.07537  0.782204  0.499611  -0.372218  0.12191  -0.605159  0.751314  -0.263267  0.26439
0.148309  0.431585  0.889797  0.07531  0.782496  0.498981  -0.372449  0.12183  -0.604735  0.7515  -0.26371  0.26425
0.148425  0.431922  0.889614  0.07524  0.78275  0.498464  -0.372608  0.12175  -0.604378  0.75165  -0.264102  0.26411
0.148584  0.432243  0.889432  0.07518  0.783053  0.497869  -0.372766  0.12167  -0.603946  0.751859  -0.264494  0.26397
0.148772  0.432649  0.889203  0.07512  0.783344  0.497238  -0.372996  0.12159  -0.603522  0.752043  -0.264938  0.26383
0.148931  0.43297  0.88902  0.07506  0.783647  0.496643  -0.373153  0.12152  -0.60309  0.752252  -0.265331  0.26369
0.149118  0.433376  0.888791  0.075  0.783937  0.496012  -0.373383  0.12144  -0.602666  0.752434  -0.265775  0.26355
0.149277  0.433697  0.888607  0.07494  0.784179  0.495491  -0.373566  0.12136  -0.602312  0.752592  -0.266131  0.26341
0.149437  0.434018  0.888424  0.0748  0.784481  0.494895  -0.373722  0.12128  -0.601879  0.752799  -0.266524  0.26327
0.149625  0.434423  0.888194  0.07481  0.784771  0.494263  -0.37395  0.1212  -0.601455  0.752981  -0.266969  0.26313
0.149784  0.434744  0.88801  0.07475  0.785012  0.493742  -0.374132  0.12113  -0.6011  0.753138  -0.267325  0.26299
0.149943  0.435065  0.887826  0.07469  0.785313  0.493146  -0.374288  0.12105  -0.600667  0.753343  -0.267718  0.26285
0.150131  0.435469  0.887596  0.07463  0.785601  0.492513  -0.374515  0.12097  -0.600243  0.753523  -0.268164  0.26271
0.150334  0.435775  0.887412  0.07457  0.785891  0.491913  -0.374696  0.12089  -0.599813  0.753738  -0.26852  0.26257
0.150493  0.436096  0.887227  0.07451  0.786191  0.491316  -0.37485  0.12081  -0.599379  0.753943  -0.268915  0.26243
0.150682  0.4365  0.886997  0.07446  0.786419  0.490758  -0.375103  0.12074  -0.599033  0.754072  -0.269323  0.2623
0.150841  0.43682  0.886812  0.0744  0.786718  0.490161  -0.375256  0.12066  -0.5986  0.754275  -0.269718  0.26216
0.151044  0.437125  0.886627  0.07434  0.787006  0.48956  -0.375436  0.12058  -0.598169  0.754488  -0.270075  0.26202
0.151204  0.437445  0.886442  0.07428  0.787305  0.488962  -0.375589  0.12049  -0.597736  0.754691  -0.27047  0.26188
0.151436  0.437834  0.88621  0.07422  0.787581  0.488325  -0.37584  0.12041  -0.597314  0.754878  -0.270879  0.26174
0.151596  0.438154  0.886025  0.07416  0.787879  0.487727  -0.375992  0.12033  -0.59688  0.755079  -0.271274  0.26161
0.151799  0.438458  0.885839  0.0741  0.788166  0.487125  -0.376171  0.12025  -0.596449  0.755291  -0.271632  0.26147
0.151988  0.438861  0.885607  0.07404  0.788391  0.486566  -0.376421  0.12017  -0.596103  0.755417  -0.272042  0.26133
0.152192  0.439166  0.885421  0.07398  0.788737  0.485888  -0.376572  0.12009  -0.595593  0.755676  -0.272438  0.26119
0.152396  0.43947  0.885235  0.0739  0.789023  0.485286  -0.37675  0.12  -0.595162  0.755886  -0.272796  0.26105
0.152585  0.439873  0.885003  0.07387  0.789248  0.484726  -0.376999  0.11992  -0.594816  0.756011  -0.273207  0.26092
0.152789  0.440176  0.884816  0.07381  0.789533  0.484124  -0.377176  0.11983  -0.594385  0.75622  -0.273565  0.26078
0.152993  0.44048  0.88463  0.07375  0.789818  0.483521  -0.377353  0.11975  -0.593953  0.756429  -0.273924  0.26064
0.153226  0.440867  0.884397  0.07369  0.79015  0.482806  -0.377574  0.11966  -0.593452  0.75666  -0.274373  0.2605
0.153431  0.441171  0.88421  0.07363  0.790434  0.482203  -0.37775  0.11957  -0.593021  0.756868  -0.274732  0.26036
0.153635  0.441474  0.884023  0.07357  0.790718  0.481599  -0.377926  0.11949  -0.592589  0.757075  -0.275091  0.26022
0.153869  0.441861  0.883789  0.07351  0.790989  0.480959  -0.378173  0.1194  -0.592167  0.757256  -0.275502  0.26008
0.154073  0.442164  0.883602  0.07345  0.791272  0.480355  -0.378349  0.11931  -0.591735  0.757463  -0.275862  0.25994
0.154307  0.44255  0.883368  0.07339  0.791542  0.479715  -0.378595  0.11922  -0.591312  0.757643  -0.276273  0.25979
0.154557  0.442837  0.88318  0.07333  0.791872  0.479032  -0.37877  0.11913  -0.590805  0.757908  -0.276633  0.25965
0.154791  0.443223  0.882946  0.07327  0.792142  0.478391  -0.379016  0.11904  -0.590382  0.758086  -0.277045  0.25951
0.155069  0.443593  0.882711  0.07321  0.792459  0.477671  -0.379261  0.11894  -0.589883  0.758324  -0.277457  0.25937
0.155275  0.443896  0.882523  0.0731  0.79274  0.477066  -0.379435  0.11885  -0.589451  0.758528  -0.277818  0.25923
0.155554  0.444265  0.882288  0.07308  0.792997  0.476422  -0.379707  0.11875  -0.589032  0.758716  -0.278192  0.25908
0.155788  0.444651  0.882052  0.07302  0.793265  0.47578  -0.379952  0.11866  -0.588609  0.758893  -0.278605  0.25894
0.156038  0.444937  0.881864  0.07296  0.793593  0.475095  -0.380125  0.11856  -0.588101  0.759155  -0.278966  0.2588
0.156318  0.445306  0.881628  0.0729  0.793908  0.474374  -0.380369  0.11846  -0.587601  0.759389  -0.279379  0.25865
0.156553  0.445691  0.881392  0.07283  0.794174  0.473732  -0.380612  0.11836  -0.587178  0.759564  -0.279792  0.25851
0.156833  0.446059  0.881155  0.07277  0.794488  0.47301  -0.380855  0.11826  -0.586679  0.759798  -0.280205  0.25836
0.157113  0.446428  0.880919  0.07271  0.794743  0.472364  -0.381126  0.11816  -0.586259  0.759983  -0.280581  0.25821
0.157364  0.446713  0.880729  0.07264  0.795068  0.471678  -0.381297  0.11806  -0.58575  0.760242  -0.280942  0.25807
0.157644  0.447081  0.880492  0.07258  0.79538  0.470955  -0.381539  0.11796  -0.585251  0.760474  -0.281356  0.25792
0.157925  0.447449  0.880255  0.07251  0.795692  0.470232  -0.38178  0.11786  -0.584751  0.760705  -0.28177  0.25777
0.158206  0.447816  0.880018  0.07245  0.795945  0.469585  -0.38205  0.11775  -0.584331  0.760888  -0.282146  0.25762
0.158532  0.448168  0.87978  0.07238  0.796302  0.468782  -0.382291  0.11765  -0.583756  0.761176  -0.28256  0.25747
0.158813  0.448535  0.879543  0.07232  0.796612  0.468058  -0.382531  0.11755  -0.583256  0.761405  -0.282975  0.25732
0.159094  0.448901  0.879305  0.07225  0.796864  0.467411  -0.3828  0.11744  -0.582836  0.761587  -0.283351  0.25717
0.159376  0.449268  0.879066  0.0721  0.797173  0.466686  -0.38304  0.11733  -0.582336  0.761815  -0.283766  0.25702
0.159732  0.449701  0.87878  0.07212  0.797515  0.465846  -0.38335  0.11722  -0.581769  0.762074  -0.284233  0.25687
0.160014  0.450067  0.878541  0.07205  0.797765  0.465197  -0.383617  0.11712  -0.581349  0.762254  -0.28461  0.25672
0.160341  0.450417  0.878302  0.07198  0.798119  0.464392  -0.383856  0.11701  -0.580772  0.762538  -0.285025  0.25656
0.160624  0.450782  0.878063  0.07192  0.798426  0.463667  -0.384095  0.1169  -0.580272  0.762764  -0.28544  0.25641
0.160952  0.451132  0.877824  0.07185  0.798721  0.462938  -0.384361  0.11679  -0.579775  0.763  -0.285818  0.25625
0.161309  0.451563  0.877536  0.07178  0.79906  0.462096  -0.384669  0.11667  -0.579208  0.763255  -0.286286  0.2561
0.161593  0.451928  0.877297  0.07171  0.799308  0.461446  -0.384935  0.11656  -0.578788  0.763433  -0.286663  0.25594
0.161921  0.452276  0.877056  0.07164  0.799659  0.460639  -0.385172  0.11645  -0.578211  0.763713  -0.287079  0.25579
0.16228  0.452706  0.876768  0.07157  0.799996  0.459796  -0.385479  0.11634  -0.577643  0.763966  -0.287548  0.25563
0.162609  0.453054  0.876527  0.0715  0.800288  0.459065  -0.385744  0.11622  -0.577146  0.7642  -0.287926  0.25547
0.162922  0.4535  0.876239  0.07143  0.800578  0.458302  -0.38605  0.11611  -0.576655  0.764393  -0.288395  0.25531
0.163252  0.453847  0.875997  0.07136  0.800869  0.45757  -0.386314  0.11599  -0.576158  0.764626  -0.288773  0.25516
0.163582  0.454194  0.875756  0.07129  0.801217  0.456762  -0.386549  0.11588  -0.575581  0.764903  -0.28919  0.255
0.163942  0.454623  0.875466  0.07122  0.801493  0.455994  -0.386883  0.11576  -0.575093  0.765107  -0.28962  0.25484
0.164272  0.454969  0.875225  0.07115  0.801839  0.455185  -0.387118  0.11564  -0.574516  0.765382  -0.290037  0.25468
0.164633  0.455397  0.874934  0.07108  0.802172  0.454339  -0.387422  0.11552  -0.573948  0.76563  -0.290507  0.25451
0.164964  0.455742  0.874692  0.07101  0.80246  0.453607  -0.387684  0.11541  -0.57345  0.765859  -0.290886  0.25436
0.165325  0.456169  0.874401  0.07093  0.802791  0.45276  -0.387988  0.11529  -0.572882  0.766105  -0.291356  0.25419
0.165686  0.456596  0.87411  0.07086  0.803065  0.45199  -0.38832  0.11517  -0.572394  0.766306  -0.291788  0.25403
0.166018  0.456941  0.873867  0.07079  0.803408  0.45118  -0.388552  0.11505  -0.571816  0.766578  -0.292206  0.25386
0.166426  0.45735  0.873575  0.07072  0.803782  0.450252  -0.388854  0.11493  -0.571172  0.766879  -0.292676  0.2537
0.166758  0.457694  0.873331  0.0706  0.804067  0.449518  -0.389115  0.11481  -0.570674  0.767105  -0.293056  0.25354
0.167121  0.458119  0.873039  0.07057  0.804394  0.44867  -0.389416  0.11469  -0.570105  0.767347  -0.293527  0.25337
0.167484  0.458545  0.872746  0.0705  0.804665  0.447898  -0.389746  0.11457  -0.569617  0.767544  -0.293959  0.25321
0.167863  0.45887  0.872502  0.0704  0.805049  0.447006  -0.389977  0.11445  -0.568962  0.76787  -0.294378  0.25304
0.168227  0.459295  0.872209  0.07035  0.805375  0.446157  -0.390277  0.11433  -0.568394  0.76811  -0.294849  0.25288
0.16859  0.459719  0.871915  0.07028  0.805643  0.445384  -0.390606  0.11421  -0.567906  0.768305  -0.295282  0.25271
0.168925  0.46006  0.87167  0.07021  0.805981  0.444571  -0.390835  0.11409  -0.567327  0.768571  -0.295701  0.25254
0.169335  0.460467  0.871376  0.07013  0.806292  0.443717  -0.391163  0.11397  -0.566762  0.768821  -0.296134  0.25238
0.1697  0.460889  0.871081  0.07006  0.806615  0.442866  -0.391461  0.11385  -0.566193  0.769058  -0.296606  0.25221
0.170035  0.46123  0.870836  0.06999  0.80695  0.442052  -0.39169  0.11372  -0.565614  0.769322  -0.297026  0.25204
0.170446  0.461635  0.870541  0.06991  0.807259  0.441197  -0.392017  0.1136  -0.565049  0.76957  -0.297459  0.25187
0.170812  0.462057  0.870245  0.06984  0.80758  0.440346  -0.392314  0.11348  -0.56448  0.769805  -0.297931  0.2517
0.171148  0.462396  0.869999  0.0697  0.807914  0.439531  -0.392541  0.11336  -0.563901  0.770066  -0.298352  0.25153
0.17156  0.4628  0.869703  0.06969  0.80822  0.438675  -0.392867  0.11324  -0.563335  0.770312  -0.298785  0.25136
0.171927  0.463221  0.869407  0.06962  0.808539  0.437822  -0.393162  0.11312  -0.562766  0.770544  -0.299258  0.25119
0.17231  0.463542  0.869159  0.06954  0.808914  0.436925  -0.393388  0.11299  -0.56211  0.77086  -0.299679  0.25102
0.172677  0.463962  0.868863  0.06947  0.809175  0.436149  -0.393713  0.11287  -0.561621  0.771047  -0.300113  0.25085
0.173045  0.464381  0.868565  0.0694  0.809491  0.435295  -0.394007  0.11275  -0.561052  0.771277  -0.300587  0.25068
0.173336  0.464736  0.868317  0.06932  0.809833  0.434482  -0.394202  0.11264  -0.560468  0.771522  -0.301047  0.25051
0.173611  0.465189  0.86802  0.06925  0.810118  0.433712  -0.394465  0.11254  -0.559972  0.771682  -0.301561  0.25034
0.173902  0.465544  0.867771  0.06917  0.810458  0.432899  -0.394659  0.11243  -0.559388  0.771925  -0.302022  0.25017
0.174178  0.465996  0.867473  0.0691  0.810742  0.432129  -0.394921  0.11233  -0.558892  0.772083  -0.302535  0.25
0.174423  0.466368  0.867224  0.06902  0.811038  0.431395  -0.395114  0.11222  -0.558385  0.772269  -0.302997  0.24983
0.174745  0.466803  0.866925  0.06895  0.811363  0.430544  -0.395375  0.11212  -0.557811  0.772481  -0.303511  0.24966
0.175037  0.467156  0.866676  0.06888  0.811702  0.429729  -0.395567  0.11201  -0.557227  0.772721  -0.303973  0.24949
0.175313  0.467608  0.866376  0.0688  0.811983  0.428958  -0.395827  0.1119  -0.556731  0.772877  -0.304488  0.24932
0.175606  0.467961  0.866127  0.06873  0.81232  0.428142  -0.396018  0.1118  -0.556146  0.773115  -0.30495  0.24915
0.175882  0.468412  0.865827  0.06865  0.8126  0.427371  -0.396277  0.11169  -0.55565  0.773269  -0.305465  0.24898
0.176205  0.468846  0.865526  0.06858  0.812867  0.426595  -0.396566  0.11158  -0.555157  0.773434  -0.305941  0.2488
0.176498  0.469198  0.865276  0.0685  0.813202  0.425778  -0.396756  0.11148  -0.554573  0.773671  -0.306403  0.24863
0.176822  0.46963  0.864975  0.06843  0.813523  0.424925  -0.397013  0.11137  -0.553999  0.773877  -0.306919  0.24847
0.177068  0.47  0.864724  0.06836  0.813759  0.424267  -0.397232  0.11126  -0.553572  0.774014  -0.307343  0.2483
0.177392  0.470432  0.864422  0.06828  0.814079  0.423412  -0.397489  0.11116  -0.552998  0.77422  -0.307859  0.24813
0.177686  0.470783  0.864171  0.06821  0.814412  0.422595  -0.397676  0.11105  -0.552413  0.774453  -0.308322  0.24796
0.17801  0.471215  0.863869  0.06814  0.814675  0.421817  -0.397962  0.11094  -0.55192  0.774614  -0.308799  0.24779
0.178305  0.471565  0.863617  0.06806  0.815007  0.420999  -0.398149  0.11083  -0.551335  0.774846  -0.309263  0.24762
0.178629  0.471996  0.863314  0.06799  0.815324  0.420144  -0.398403  0.11072  -0.550761  0.775048  -0.30978  0.24745
0.178924  0.472346  0.863062  0.0679  0.8156  0.419403  -0.39862  0.11061  -0.550257  0.775236  -0.310204  0.24728
0.179249  0.472777  0.862758  0.06784  0.815916  0.418547  -0.398873  0.11051  -0.549683  0.775436  -0.310722  0.24711
0.179544  0.473126  0.862505  0.06777  0.81619  0.417805  -0.399089  0.1104  -0.549179  0.775623  -0.311147  0.24694
0.179839  0.473475  0.862252  0.0677  0.816519  0.416986  -0.399273  0.11029  -0.548593  0.775851  -0.311611  0.24677
0.180165  0.473905  0.861948  0.06762  0.816778  0.416206  -0.399556  0.11018  -0.5481  0.776007  -0.31209  0.24661
0.18046  0.474254  0.861695  0.06755  0.817106  0.415386  -0.39974  0.11007  -0.547514  0.776233  -0.312555  0.24644
0.180786  0.474682  0.86139  0.06748  0.817364  0.414606  -0.400022  0.10997  -0.547021  0.776388  -0.313033  0.24627
0.181082  0.475031  0.861136  0.06741  0.81769  0.413786  -0.400204  0.10986  -0.546435  0.776613  -0.313499  0.2461
0.181409  0.475459  0.860831  0.06733  0.817947  0.413006  -0.400485  0.10975  -0.545942  0.776766  -0.313977  0.24593
0.181705  0.475806  0.860576  0.06726  0.818273  0.412185  -0.400667  0.10964  -0.545356  0.776989  -0.314443  0.24576
0.18208  0.476216  0.860271  0.06719  0.818569  0.411322  -0.400947  0.10953  -0.544785  0.777195  -0.314922  0.2456
0.182376  0.476563  0.860015  0.06712  0.818839  0.410578  -0.401159  0.10942  -0.544281  0.777376  -0.315349  0.24543
0.182673  0.47691  0.85976  0.06704  0.819162  0.409756  -0.401339  0.10931  -0.543695  0.777597  -0.315815  0.24526
0.183001  0.477336  0.859454  0.06697  0.819416  0.408974  -0.401618  0.1092  -0.543201  0.777747  -0.316295  0.24509
0.183298  0.477683  0.859198  0.0669  0.819684  0.40823  -0.401829  0.10909  -0.542697  0.777925  -0.316721  0.24493
0.183643  0.47801  0.858942  0.06683  0.820046  0.407325  -0.402008  0.10899  -0.542033  0.778198  -0.317188  0.24476
0.183971  0.478436  0.858635  0.06676  0.820299  0.406543  -0.402285  0.10888  -0.541539  0.778346  -0.317668  0.24459
0.184269  0.478782  0.858378  0.06669  0.820565  0.405797  -0.402495  0.10877  -0.541035  0.778522  -0.318095  0.24442
0.184646  0.479188  0.85807  0.06662  0.82091  0.404854  -0.40274  0.10866  -0.540382  0.778763  -0.318616  0.24425
0.184944  0.479533  0.857813  0.06654  0.821175  0.404108  -0.402949  0.10855  -0.539877  0.778938  -0.319043  0.24408
0.185242  0.479878  0.857556  0.06647  0.82144  0.403362  -0.403157  0.10844  -0.539372  0.779112  -0.319471  0.24392
0.185619  0.480283  0.857248  0.0664  0.821729  0.402496  -0.403432  0.10833  -0.538801  0.77931  -0.319952  0.24375
0.185918  0.480627  0.85699  0.06633  0.821993  0.40175  -0.40364  0.10822  -0.538296  0.779483  -0.32038  0.24358
0.186265  0.480952  0.856732  0.06626  0.822349  0.400843  -0.403815  0.10811  -0.537631  0.77975  -0.320848  0.24342
0.186564  0.481296  0.856474  0.06619  0.822611  0.400096  -0.404022  0.108  -0.537126  0.779921  -0.321276  0.24325
0.186943  0.4817  0.856164  0.06612  0.822898  0.399229  -0.404295  0.10789  -0.536555  0.780116  -0.321757  0.24308
0.187242  0.482043  0.855906  0.06605  0.823159  0.398481  -0.404502  0.10778  -0.53605  0.780287  -0.322186  0.24292
0.187542  0.482386  0.855647  0.06598  0.82342  0.397734  -0.404707  0.10768  -0.535545  0.780456  -0.322614  0.24275
0.187921  0.482789  0.855336  0.06591  0.823705  0.396866  -0.404979  0.10757  -0.534973  0.780649  -0.323096  0.24258
0.188269  0.483112  0.855077  0.06584  0.824057  0.395957  -0.405152  0.10746  -0.534308  0.78091  -0.323566  0.24242
0.188569  0.483454  0.854818  0.06577  0.824316  0.395208  -0.405356  0.10735  -0.533802  0.781078  -0.323994  0.24225
0.188918  0.483777  0.854558  0.0657  0.824613  0.394377  -0.40556  0.10724  -0.533219  0.781298  -0.324424  0.24208
0.18925  0.484197  0.854247  0.06563  0.824856  0.393591  -0.405831  0.10713  -0.532726  0.781434  -0.324906  0.24192
0.189599  0.484519  0.853987  0.06556  0.825153  0.392759  -0.406034  0.10702  -0.532142  0.781653  -0.325335  0.24175
0.1899  0.48486  0.853726  0.0655  0.825409  0.39201  -0.406237  0.10691  -0.531637  0.781818  -0.325765  0.24159
0.19025  0.485181  0.853466  0.06543  0.825704  0.391177  -0.40644  0.1068  -0.531053  0.782035  -0.326195  0.24142
0.190552  0.485521  0.853205  0.06536  0.825959  0.390428  -0.406642  0.10669  -0.530548  0.782199  -0.326624  0.24125
0.190902  0.485842  0.852944  0.06529  0.826253  0.389595  -0.406843  0.10659  -0.529964  0.782415  -0.327054  0.24109
0.191283  0.486242  0.852631  0.06522  0.826531  0.388724  -0.407111  0.10648  -0.529393  0.7826  -0.327538  0.24092
0.191585  0.486581  0.85237  0.06515  0.826785  0.387974  -0.407312  0.10637  -0.528887  0.782761  -0.327968  0.24075
0.191936  0.486901  0.852108  0.06508  0.827077  0.38714  -0.407513  0.10626  -0.528304  0.782975  -0.328398  0.24059
0.192287  0.48722  0.851846  0.065  0.827368  0.386306  -0.407713  0.10615  -0.52772  0.783188  -0.328828  0.24042
0.19259  0.487559  0.851584  0.06495  0.82762  0.385555  -0.407913  0.10604  -0.527214  0.783348  -0.329259  0.24025
0.192942  0.487877  0.851322  0.06488  0.82791  0.384721  -0.408112  0.10593  -0.52663  0.783559  -0.32969  0.24009
0.193293  0.488196  0.85106  0.06481  0.828199  0.383887  -0.408311  0.10582  -0.526046  0.78377  -0.33012  0.23992
0.193628  0.488613  0.850744  0.06474  0.828434  0.383097  -0.408576  0.10572  -0.525553  0.783897  -0.330605  0.23976
0.19398  0.48893  0.850481  0.06468  0.828722  0.382262  -0.408774  0.10561  -0.524969  0.784107  -0.331036  0.23959
0.194333  0.489248  0.850218  0.06461  0.829009  0.381426  -0.408972  0.1055  -0.524385  0.784315  -0.331467  0.23942
0.194636  0.489585  0.849955  0.06454  0.829257  0.380674  -0.40917  0.10539  -0.523879  0.784471  -0.331898  0.23926
0.194989  0.489901  0.849692  0.06447  0.829543  0.379838  -0.409367  0.10528  -0.523295  0.784678  -0.33233  0.23909
0.195343  0.490218  0.849428  0.06441  0.829828  0.379002  -0.409563  0.10517  -0.52271  0.784884  -0.332762  0.23892
0.195696  0.490534  0.849164  0.06434  0.830113  0.378166  -0.40976  0.10506  -0.522126  0.78509  -0.333193  0.23876
0.196001  0.49087  0.8489  0.06427  0.830359  0.377412  -0.409956  0.10495  -0.52162  0.785243  -0.333625  0.23859
0.196354  0.491185  0.848635  0.06421  0.830642  0.376576  -0.410151  0.10485  -0.521036  0.785447  -0.334057  0.23843
0.196709  0.491501  0.848371  0.06414  0.830925  0.375739  -0.410346  0.10474  -0.520451  0.785651  -0.334489  0.23826
0.197063  0.491816  0.848106  0.06407  0.831155  0.37498  -0.410575  0.10463  -0.51995  0.785816  -0.33488  0.2381
0.197368  0.49215  0.847841  0.06401  0.831399  0.374226  -0.410769  0.10452  -0.519444  0.785967  -0.335313  0.23793
0.197723  0.492464  0.847576  0.06394  0.831679  0.373388  -0.410963  0.10441  -0.518859  0.786168  -0.335745  0.23776
0.198078  0.492778  0.84731  0.06387  0.831959  0.37255  -0.411157  0.1043  -0.518275  0.786369  -0.336178  0.2376
0.198433  0.493092  0.847045  0.06381  0.832239  0.371712  -0.41135  0.1042  -0.51769  0.786569  -0.33661  0.23743
0.198789  0.493405  0.846779  0.06374  0.832517  0.370873  -0.411543  0.10409  -0.517105  0.786768  -0.337043  0.23727
0.199095  0.493738  0.846513  0.0636  0.832758  0.370118  -0.411736  0.10398  -0.516599  0.786915  -0.337476  0.2371
0.199451  0.494051  0.846246  0.06361  0.833036  0.369279  -0.411928  0.10387  -0.516015  0.787113  -0.337909  0.23693
0.199807  0.494364  0.84598  0.06354  0.833312  0.36844  -0.41212  0.10376  -0.51543  0.78731  -0.338342  0.23677
0.200163  0.494676  0.845713  0.06348  0.833537  0.367679  -0.412345  0.10366  -0.514928  0.787469  -0.338734  0.2366
0.20052  0.494987  0.845446  0.06341  0.833812  0.36684  -0.412536  0.10355  -0.514343  0.787665  -0.339168  0.23644
0.200877  0.495299  0.845179  0.06335  0.834087  0.366  -0.412727  0.10344  -0.513758  0.78786  -0.339601  0.23627
0.201234  0.49561  0.844912  0.06328  0.834361  0.36516  -0.412917  0.10333  -0.513173  0.788054  -0.340035  0.2361
0.201591  0.495921  0.844644  0.06322  0.834634  0.364319  -0.413107  0.10322  -0.512588  0.788248  -0.340469  0.23594
0.201949  0.496231  0.844376  0.06315  0.834907  0.363479  -0.413296  0.10311  -0.512003  0.78844  -0.340903  0.23577
0.202225  0.496483  0.844162  0.063  0.835158  0.36276  -0.413421  0.10301  -0.511484  0.788613  -0.341283  0.2356
0.202583  0.496793  0.843894  0.06302  0.835429  0.361918  -0.413609  0.1029  -0.510899  0.788804  -0.341717  0.23544
0.202941  0.497103  0.843625  0.06296  0.835649  0.361156  -0.413832  0.10279  -0.510397  0.788958  -0.34211  0.23527
0.203299  0.497412  0.843357  0.06289  0.835919  0.360315  -0.41402  0.10268  -0.509812  0.789148  -0.342544  0.23511
0.203658  0.497721  0.843088  0.06283  0.836189  0.359473  -0.414208  0.10257  -0.509227  0.789337  -0.342979  0.23494
0.204017  0.498029  0.842819  0.06276  0.836457  0.358631  -0.414395  0.10247  -0.508642  0.789526  -0.343413  0.23477
0.204376  0.498337  0.84255  0.0627  0.836725  0.357789  -0.414582  0.10236  -0.508056  0.789713  -0.343848  0.2346
0.204735  0.498645  0.84228  0.06263  0.836993  0.356946  -0.414768  0.10225  -0.507471  0.7899  -0.344283  0.23444
0.205095  0.498953  0.842011  0.06257  0.837209  0.356182  -0.414989  0.10214  -0.506969  0.790051  -0.344676  0.23427
0.205423  0.499182  0.841795  0.0625  0.83749  0.355378  -0.41511  0.10203  -0.506371  0.790268  -0.345058  0.2341
0.205783  0.499489  0.841525  0.06244  0.837756  0.354535  -0.415296  0.10192  -0.505785  0.790453  -0.345493  0.23393
0.206146  0.499803  0.841249  0.06237  0.838019  0.353687  -0.415487  0.10182  -0.505201  0.790634  -0.345933  0.23377
0.2065  0.500094  0.84099  0.06231  0.838286  0.352851  -0.415659  0.10171  -0.504613  0.790824  -0.346358  0.2336
0.206854  0.500384  0.84073  0.0622  0.838502  0.352094  -0.415865  0.1016  -0.504109  0.790977  -0.346741  0.23343
0.207212  0.500682  0.840465  0.06218  0.838766  0.351254  -0.416042  0.10149  -0.503522  0.791162  -0.347171  0.23327
0.20757  0.50098  0.840199  0.06212  0.83903  0.350414  -0.41622  0.10138  -0.502935  0.791347  -0.347602  0.2331
0.207924  0.501269  0.839939  0.06205  0.839295  0.349577  -0.41639  0.10128  -0.502346  0.791534  -0.348027  0.23293
0.208333  0.501545  0.839673  0.06199  0.839592  0.348652  -0.416566  0.10117  -0.50168  0.791767  -0.348457  0.23276
0.208692  0.501841  0.839406  0.06192  0.839853  0.347811  -0.416742  0.10106  -0.501093  0.791949  -0.348888  0.23259
0.209047  0.50213  0.839145  0.06186  0.840066  0.347053  -0.416946  0.10095  -0.500589  0.792099  -0.349272  0.23242
0.209406  0.502426  0.838879  0.06179  0.840326  0.346211  -0.417122  0.10084  -0.500002  0.792279  -0.349703  0.23225
0.209762  0.502713  0.838617  0.06173  0.840587  0.345373  -0.41729  0.10073  -0.499413  0.792462  -0.350128  0.23208
0.210118  0.503001  0.838356  0.06167  0.840847  0.344535  -0.417458  0.10062  -0.498825  0.792645  -0.350554  0.23192
0.210475  0.503288  0.838094  0.0616  0.841107  0.343696  -0.417626  0.10051  -0.498236  0.792827  -0.35098  0.23175
0.210835  0.503582  0.837827  0.06154  0.841315  0.342933  -0.417835  0.10041  -0.497733  0.79297  -0.351369  0.23158
0.211242  0.503848  0.837564  0.06147  0.841608  0.34201  -0.418002  0.1003  -0.497065  0.7932  -0.351795  0.23141
0.211602  0.504142  0.837297  0.06141  0.841864  0.341167  -0.418175  0.10019  -0.496478  0.793376  -0.352227  0.23123
0.211963  0.504435  0.837029  0.06134  0.842119  0.340324  -0.418348  0.10008  -0.49589  0.793552  -0.352658  0.23106
0.212323  0.504728  0.83676  0.06128  0.842374  0.339481  -0.41852  0.099968  -0.495303  0.793727  -0.35309  0.23089
0.212681  0.505013  0.836498  0.06121  0.842629  0.338641  -0.418686  0.099858  -0.494714  0.793904  -0.353517  0.23072
0.213093  0.505285  0.836229  0.06115  0.842867  0.337792  -0.418893  0.099749  -0.494132  0.794093  -0.353907  0.23055
0.213451  0.505569  0.835966  0.061  0.843121  0.336952  -0.419058  0.09964  -0.493543  0.794269  -0.354333  0.23038
0.213813  0.505861  0.835697  0.06102  0.843373  0.336108  -0.419229  0.099531  -0.492956  0.794441  -0.354766  0.23021
0.214171  0.506145  0.835433  0.06096  0.843626  0.335267  -0.419393  0.099422  -0.492367  0.794615  -0.355192  0.23004
0.214584  0.506414  0.835164  0.06089  0.84391  0.334338  -0.419563  0.099312  -0.4917  0.794835  -0.355625  0.22987
0.214946  0.506705  0.834894  0.06083  0.84416  0.333493  -0.419733  0.099202  -0.491112  0.795004  -0.356057  0.22969
0.215309  0.506996  0.834624  0.06076  0.84436  0.332728  -0.419938  0.099091  -0.490609  0.79514  -0.356448  0.22952
0.215722  0.507264  0.834354  0.0607  0.844642  0.331798  -0.420107  0.098981  -0.489942  0.795357  -0.356881  0.22935
0.216085  0.507554  0.834084  0.06063  0.84489  0.330953  -0.420275  0.09887  -0.489355  0.795525  -0.357313  0.22917
0.216449  0.507843  0.833813  0.06057  0.845137  0.330107  -0.420443  0.09876  -0.488767  0.795691  -0.357746  0.229
0.216812  0.508133  0.833543  0.0605  0.845384  0.329261  -0.420611  0.09865  -0.488179  0.795857  -0.358179  0.22883
0.217227  0.5084  0.833272  0.06044  0.845662  0.32833  -0.420779  0.098541  -0.487512  0.796071  -0.358612  0.22865
0.217587  0.50868  0.833007  0.06037  0.84586  0.327567  -0.420976  0.09843  -0.487008  0.796206  -0.358998  0.22848
0.218006  0.508954  0.83273  0.06031  0.846135  0.326632  -0.421149  0.09832  -0.486342  0.796415  -0.359437  0.2283
0.21837  0.509242  0.832458  0.06024  0.846379  0.325785  -0.421315  0.098209  -0.485754  0.796578  -0.35987  0.22813
0.218734  0.509529  0.832187  0.0601  0.846622  0.324938  -0.421481  0.098098  -0.485166  0.79674  -0.360304  0.22795
0.219153  0.509802  0.83191  0.06011  0.846895  0.324003  -0.421653  0.097986  -0.4845  0.796947  -0.360743  0.22778
0.219522  0.510097  0.831632  0.06004  0.847135  0.323151  -0.421825  0.097875  -0.483914  0.797104  -0.361182  0.2276
0.219941  0.510368  0.831354  0.05998  0.847406  0.322215  -0.421996  0.097763  -0.483248  0.797309  -0.361621  0.22742
0.220307  0.510654  0.831082  0.05991  0.847646  0.321367  -0.42216  0.097652  -0.48266  0.797468  -0.362055  0.22725
0.220724  0.510918  0.830809  0.05985  0.847869  0.320514  -0.422361  0.097541  -0.482078  0.797643  -0.362447  0.22707
0.221093  0.511211  0.830531  0.05978  0.848106  0.319662  -0.422531  0.09743  -0.481491  0.797797  -0.362886  0.2269
0.221462  0.511503  0.830252  0.05971  0.848342  0.318809  -0.4227  0.097318  -0.480905  0.79795  -0.363326  0.22672
0.221883  0.511773  0.829973  0.05965  0.84861  0.317872  -0.42287  0.097206  -0.480239  0.798151  -0.363766  0.22654
0.222253  0.512065  0.829694  0.05958  0.848845  0.317019  -0.423039  0.097094  -0.479652  0.798303  -0.364205  0.22637
0.222674  0.512334  0.829415  0.05951  0.84911  0.316081  -0.423207  0.096982  -0.478986  0.798502  -0.364645  0.22619
0.223099  0.512611  0.82913  0.05945  0.849373  0.315139  -0.423382  0.096869  -0.478321  0.798697  -0.365091  0.22601
0.22347  0.512902  0.828851  0.05938  0.849606  0.314286  -0.423549  0.096756  -0.477735  0.798847  -0.365531  0.22583
0.223895  0.513177  0.828565  0.05931  0.84982  0.313423  -0.423759  0.096643  -0.477155  0.799009  -0.365934  0.22565
0.224266  0.513467  0.828285  0.0592  0.850051  0.312569  -0.423926  0.09653  -0.476569  0.799157  -0.366374  0.22547
0.224689  0.513734  0.828005  0.05918  0.850313  0.31163  -0.424093  0.096418  -0.475903  0.799352  -0.366815  0.22529
0.225064  0.514031  0.827719  0.05911  0.850541  0.310772  -0.424265  0.096306  -0.475318  0.799495  -0.367261  0.22511
