0.676786  0.244266  0.694475  0.08296  0.665501  0.20033  -0.719011  0.037147  -0.314754  0.94879  -0.0269782  0.25123
0.677074  0.244347  0.694166  0.0829  0.665342  0.199826  -0.719298  0.037089  -0.31447  0.948875  -0.0272771  0.25117
0.676779  0.244263  0.694482  0.08296  0.665507  0.200333  -0.719004  0.037148  -0.314754  0.94879  -0.0269779  0.25124
0.677067  0.244344  0.694173  0.0829  0.665348  0.199828  -0.719291  0.03709  -0.31447  0.948875  -0.0272769  0.25117
0.677911  0.244603  0.693258  0.08271  0.664846  0.198434  -0.720141  0.036919  -0.313715  0.949101  -0.0281024  0.25099
0.678468  0.244773  0.692652  0.08259  0.664535  0.197443  -0.7207  0.036805  -0.313167  0.949264  -0.0287017  0.25087
0.679221  0.244991  0.691837  0.08242  0.664127  0.196076  -0.72145  0.036653  -0.312401  0.949491  -0.0295264  0.25071
0.67999  0.245222  0.690999  0.08225  0.663694  0.194707  -0.722218  0.036497  -0.311647  0.949713  -0.0303537  0.25055
0.68049  0.245364  0.690457  0.08214  0.663412  0.193825  -0.722714  0.036396  -0.311156  0.949857  -0.0308813  0.25044
0.680973  0.245508  0.689928  0.08204  0.66311  0.19305  -0.723199  0.036298  -0.310742  0.949978  -0.0313368  0.25033
0.681669  0.245712  0.689168  0.08188  0.662717  0.191802  -0.723891  0.036158  -0.310053  0.950177  -0.032092  0.25018
0.68228  0.245886  0.688501  0.0817  0.662381  0.190682  -0.724495  0.036036  -0.309428  0.950358  -0.0327721  0.25005
0.682951  0.246074  0.687768  0.081  0.661983  0.189532  -0.725159  0.035902  -0.308797  0.950539  -0.0334562  0.2499
0.683686  0.246285  0.686962  0.08143  0.661547  0.188262  -0.725887  0.035755  -0.308104  0.950737  -0.0342173  0.24974
0.684276  0.246451  0.686315  0.0813  0.661228  0.187147  -0.726467  0.035638  -0.30748  0.950914  -0.0348999  0.24961
0.684811  0.246605  0.685726  0.08118  0.660898  0.186249  -0.726997  0.035531  -0.306997  0.951051  -0.0354355  0.2495
0.685469  0.24678  0.685005  0.08103  0.660512  0.185096  -0.727643  0.0354  -0.306359  0.95123  -0.0361234  0.24935
0.686096  0.246959  0.684312  0.08089  0.660147  0.183966  -0.728259  0.035276  -0.305741  0.951403  -0.0368111  0.24922
0.686731  0.247134  0.683612  0.08075  0.659777  0.182827  -0.728882  0.035151  -0.305114  0.951577  -0.0375002  0.24908
0.687432  0.247324  0.682838  0.08059  0.659369  0.181561  -0.729567  0.035012  -0.304416  0.95177  -0.038267  0.24892
0.688056  0.247486  0.682151  0.08045  0.658981  0.180514  -0.730177  0.034891  -0.303846  0.951927  -0.0388848  0.24879
0.68861  0.247639  0.681536  0.0803  0.658658  0.179505  -0.730717  0.034782  -0.303293  0.952078  -0.0394998  0.24866
0.689251  0.247807  0.680826  0.08018  0.658277  0.178356  -0.731341  0.034657  -0.302661  0.95225  -0.0401937  0.24852
0.68989  0.247982  0.680115  0.08003  0.657894  0.177213  -0.731964  0.034532  -0.302039  0.952418  -0.0408887  0.24838
0.690511  0.248143  0.679426  0.07989  0.657502  0.176165  -0.732569  0.034411  -0.301473  0.952571  -0.0415104  0.24824
0.691198  0.24832  0.678662  0.07974  0.657101  0.174896  -0.733232  0.034278  -0.300771  0.952759  -0.0422836  0.24809
0.691837  0.248487  0.67795  0.07959  0.656716  0.173745  -0.733851  0.034155  -0.300142  0.952926  -0.042982  0.24795
0.692409  0.248637  0.67731  0.07946  0.656367  0.172721  -0.734404  0.034044  -0.299586  0.953072  -0.043604  0.24782
0.693037  0.248792  0.676611  0.07932  0.655965  0.171663  -0.735011  0.033923  -0.299014  0.953223  -0.0442302  0.24768
0.693689  0.248956  0.675881  0.07917  0.655564  0.1705  -0.735639  0.033798  -0.29838  0.953389  -0.0449325  0.24754
0.694313  0.249117  0.675181  0.07902  0.655188  0.169354  -0.736239  0.033679  -0.297754  0.953551  -0.0456342  0.2474
0.694993  0.249283  0.674421  0.07887  0.654758  0.168174  -0.736892  0.03355  -0.297114  0.953717  -0.0463404  0.24724
0.695643  0.249445  0.67369  0.07872  0.654354  0.16701  -0.737515  0.033426  -0.296483  0.953879  -0.0470461  0.2471
0.696236  0.249587  0.673024  0.07858  0.65401  0.165868  -0.738078  0.033314  -0.295848  0.954041  -0.047749  0.24697
0.696854  0.249738  0.672329  0.07844  0.653608  0.164812  -0.73867  0.033197  -0.295282  0.954184  -0.0483807  0.24683
0.697503  0.2499  0.671595  0.07829  0.6532  0.163648  -0.73929  0.033074  -0.294653  0.954343  -0.0490896  0.24668
0.698119  0.25005  0.670899  0.07815  0.652825  0.162495  -0.739875  0.032957  -0.294023  0.9545  -0.0497973  0.24654
0.698784  0.250201  0.670149  0.07799  0.652403  0.161313  -0.740506  0.032833  -0.293379  0.954661  -0.0505093  0.24639
0.69944  0.250357  0.669407  0.07784  0.651985  0.160138  -0.741128  0.032711  -0.292744  0.954818  -0.0512219  0.24624
0.700036  0.250499  0.66873  0.0777  0.651598  0.159088  -0.741694  0.032599  -0.292181  0.954956  -0.0518572  0.24611
0.700643  0.250645  0.668039  0.07756  0.651226  0.157938  -0.742267  0.032486  -0.291555  0.955109  -0.0525687  0.24597
0.701291  0.250798  0.667302  0.07741  0.650811  0.156765  -0.742879  0.032366  -0.290922  0.955262  -0.053284  0.24582
0.701913  0.250941  0.666594  0.07726  0.650395  0.155698  -0.743468  0.032252  -0.290354  0.955399  -0.0539241  0.24568
0.702552  0.251091  0.665863  0.07711  0.649985  0.154528  -0.74407  0.032133  -0.289724  0.955549  -0.054641  0.24553
0.703204  0.251244  0.665117  0.07696  0.64956  0.153353  -0.744685  0.032015  -0.289095  0.955698  -0.05536  0.24538
0.703803  0.251387  0.664429  0.07682  0.649188  0.152203  -0.745244  0.031905  -0.288473  0.955845  -0.0560761  0.24524
0.704401  0.251529  0.663742  0.07668  0.648786  0.15115  -0.745808  0.031796  -0.287917  0.955974  -0.0567186  0.24509
0.705029  0.251682  0.663016  0.0765  0.648377  0.149987  -0.746399  0.031681  -0.287299  0.956117  -0.0574391  0.24494
0.705639  0.251828  0.662312  0.07638  0.647988  0.148833  -0.746968  0.031571  -0.286681  0.956259  -0.0581592  0.2448
0.706266  0.25198  0.661585  0.07623  0.647576  0.14767  -0.747555  0.031459  -0.286065  0.956399  -0.0588819  0.24464
0.706899  0.252134  0.660849  0.07608  0.647185  0.146409  -0.748142  0.031347  -0.285386  0.956553  -0.059681  0.24448
0.707498  0.252284  0.660151  0.07593  0.646797  0.145262  -0.7487  0.03124  -0.28478  0.956688  -0.0604037  0.24433
0.708084  0.252429  0.659467  0.07579  0.646395  0.144216  -0.74925  0.031136  -0.284238  0.956808  -0.0610514  0.24419
0.708687  0.25258  0.65876  0.07564  0.645998  0.143067  -0.749812  0.031031  -0.283635  0.95694  -0.0617765  0.24403
0.709276  0.252734  0.658068  0.0755  0.645613  0.141929  -0.75036  0.03093  -0.28304  0.957069  -0.0625016  0.24388
0.709861  0.252894  0.657375  0.07535  0.645254  0.140701  -0.7509  0.030828  -0.282392  0.957208  -0.0633028  0.24372
0.71047  0.253064  0.656651  0.0752  0.644837  0.139559  -0.751471  0.030727  -0.281812  0.957331  -0.0640321  0.24356
0.711042  0.253219  0.655972  0.07506  0.644461  0.138432  -0.752002  0.030629  -0.281228  0.957453  -0.0647591  0.2434
0.711601  0.25337  0.655308  0.07492  0.644098  0.137309  -0.752518  0.030535  -0.280645  0.957575  -0.0654859  0.24325
0.712172  0.253541  0.65462  0.07478  0.643739  0.136096  -0.753046  0.030441  -0.280019  0.957703  -0.0662906  0.24308
0.71274  0.253703  0.653939  0.07463  0.643359  0.134974  -0.753572  0.030349  -0.279449  0.957819  -0.0670205  0.24292
0.713298  0.25387  0.653266  0.07449  0.642983  0.133862  -0.754091  0.03026  -0.278888  0.957931  -0.0677508  0.24275
0.713863  0.254055  0.652577  0.07435  0.642618  0.132661  -0.754615  0.030172  -0.278285  0.958049  -0.0685586  0.24258
0.714411  0.254226  0.65191  0.07421  0.642274  0.131461  -0.755117  0.030088  -0.277671  0.958169  -0.0693657  0.24241
0.714934  0.254388  0.651272  0.07407  0.64193  0.130366  -0.7556  0.030006  -0.277119  0.958275  -0.0700958  0.24225
0.715473  0.254563  0.650612  0.07393  0.64159  0.129175  -0.756093  0.029925  -0.276516  0.95839  -0.0709042  0.24207
0.716011  0.254739  0.649951  0.07379  0.641248  0.127983  -0.756585  0.029846  -0.275914  0.958503  -0.0717137  0.2419
0.71654  0.254919  0.649297  0.07365  0.640885  0.126895  -0.757076  0.029769  -0.275386  0.9586  -0.0724478  0.24172
0.717078  0.25511  0.648628  0.07351  0.640559  0.125618  -0.757565  0.029696  -0.274741  0.958717  -0.0733356  0.24154
0.717597  0.255295  0.647981  0.07337  0.640227  0.124443  -0.758039  0.029624  -0.27416  0.958821  -0.0741467  0.24135
0.718104  0.255475  0.647348  0.07324  0.639908  0.123273  -0.7585  0.029555  -0.273578  0.958925  -0.0749576  0.24118
0.718607  0.255662  0.646715  0.0731  0.639587  0.122109  -0.758959  0.029488  -0.273007  0.959024  -0.0757694  0.24099
0.719105  0.255864  0.646082  0.0729  0.639262  0.120958  -0.759416  0.029425  -0.272456  0.959116  -0.0765822  0.2408
0.719599  0.256056  0.645456  0.07283  0.638945  0.119803  -0.759866  0.029364  -0.271896  0.959209  -0.0773952  0.24061
0.720093  0.256264  0.644822  0.072  0.638644  0.118562  -0.760313  0.029307  -0.271292  0.959308  -0.0782858  0.24041
0.720574  0.256468  0.644202  0.07256  0.638357  0.117326  -0.760746  0.029252  -0.270688  0.959406  -0.0791762  0.24022
0.721037  0.256665  0.643606  0.07243  0.638064  0.116193  -0.761166  0.029198  -0.270147  0.959491  -0.0799894  0.24003
0.721503  0.256871  0.643001  0.0723  0.637788  0.114967  -0.761583  0.029147  -0.269553  0.959583  -0.0808803  0.23983
0.721966  0.257085  0.642396  0.07217  0.637511  0.113748  -0.761998  0.0291  -0.26897  0.959671  -0.0817722  0.23963
0.722414  0.257301  0.641805  0.07204  0.637219  0.112636  -0.762408  0.029054  -0.268459  0.959744  -0.0825874  0.23943
0.722865  0.257527  0.641207  0.07191  0.636944  0.111432  -0.762814  0.029013  -0.267896  0.959824  -0.0834804  0.23922
0.723306  0.257758  0.640616  0.07178  0.636702  0.11014  -0.763203  0.028975  -0.267279  0.959911  -0.08445  0.239
0.723736  0.257984  0.64004  0.07166  0.636447  0.108949  -0.763587  0.028937  -0.266725  0.959987  -0.0853428  0.2388
0.724152  0.258206  0.639479  0.07153  0.636205  0.107763  -0.763957  0.028902  -0.266171  0.960061  -0.0862351  0.23859
0.724575  0.258447  0.638902  0.0714  0.635946  0.106585  -0.764338  0.028871  -0.265638  0.960128  -0.0871297  0.23837
0.724986  0.258683  0.63834  0.07128  0.6357  0.105411  -0.764705  0.028842  -0.265104  0.960193  -0.0880237  0.23816
0.725397  0.258936  0.63777  0.07115  0.635471  0.104151  -0.765068  0.028817  -0.264528  0.960263  -0.0889958  0.23793
0.725802  0.259187  0.637208  0.07103  0.635249  0.102893  -0.765423  0.028794  -0.263952  0.960331  -0.0899682  0.2377
0.726194  0.259434  0.636661  0.07091  0.635014  0.101737  -0.765772  0.028771  -0.263439  0.960387  -0.0908634  0.23748
0.726586  0.25968  0.636113  0.0707  0.634804  0.100484  -0.766111  0.028749  -0.262863  0.960453  -0.091836  0.23727
0.726963  0.259946  0.635573  0.07066  0.634598  0.0992521  -0.766442  0.028735  -0.262316  0.960509  -0.0928088  0.23703
0.727334  0.26021  0.63504  0.07054  0.634399  0.0980229  -0.766766  0.028722  -0.261769  0.960563  -0.0937817  0.2368
0.727708  0.260484  0.634499  0.07042  0.634191  0.0967971  -0.767094  0.028714  -0.261233  0.960614  -0.0947562  0.23656
0.728071  0.260769  0.633965  0.0703  0.633987  0.0955863  -0.767413  0.02871  -0.260716  0.960657  -0.0957308  0.23632
0.728427  0.261053  0.633439  0.07018  0.633816  0.0942819  -0.767716  0.028705  -0.260136  0.960709  -0.0967823  0.23608
0.728773  0.261325  0.632929  0.07006  0.633634  0.093072  -0.768014  0.0287  -0.259609  0.960753  -0.0977562  0.23584
0.729111  0.261619  0.632417  0.06994  0.633449  0.091881  -0.76831  0.028703  -0.259112  0.960788  -0.098731  0.2356
0.729449  0.261913  0.631906  0.06983  0.633289  0.0905936  -0.768595  0.028707  -0.258552  0.96083  -0.0997834  0.23535
0.729778  0.262213  0.631402  0.06971  0.633135  0.0893149  -0.768872  0.028714  -0.258002  0.960868  -0.100836  0.2351
0.730101  0.262527  0.630898  0.06959  0.632978  0.0880486  -0.769147  0.028728  -0.257471  0.960899  -0.101889  0.23484
0.73042  0.262831  0.630401  0.06948  0.632829  0.0867783  -0.769413  0.02874  -0.256931  0.960931  -0.102943  0.23458
0.730728  0.263132  0.62992  0.06936  0.632668  0.0856091  -0.769677  0.028752  -0.256453  0.960954  -0.103918  0.23433
0.731035  0.263449  0.62943  0.06925  0.632524  0.0843537  -0.769934  0.02877  -0.255933  0.960978  -0.104972  0.23407
0.731336  0.263764  0.628949  0.06914  0.632412  0.0830045  -0.770173  0.02879  -0.255349  0.961009  -0.106103  0.23381
0.731634  0.264086  0.628466  0.06902  0.632273  0.0817575  -0.77042  0.028813  -0.254839  0.961028  -0.107158  0.23355
0.731926  0.264424  0.627984  0.06891  0.632131  0.0805229  -0.770666  0.028841  -0.254349  0.961039  -0.108214  0.23327
0.732215  0.264751  0.627509  0.06879  0.632023  0.0791882  -0.770893  0.028869  -0.253786  0.96106  -0.109346  0.233
0.732497  0.265077  0.627042  0.06868  0.631897  0.0779521  -0.771123  0.028895  -0.253286  0.961071  -0.110402  0.23274
0.732777  0.26541  0.626574  0.06857  0.631794  0.076626  -0.771339  0.028927  -0.252733  0.961086  -0.111535  0.23247
0.733047  0.265749  0.626114  0.06846  0.631673  0.0754047  -0.771559  0.028961  -0.252253  0.961089  -0.112591  0.23219
0.733317  0.266087  0.625654  0.06835  0.631576  0.0740871  -0.771766  0.028996  -0.25171  0.961098  -0.113725  0.23192
0.733582  0.266441  0.625194  0.06824  0.631477  0.072782  -0.771971  0.029037  -0.251187  0.961099  -0.11486  0.23163
0.733846  0.266794  0.624733  0.06813  0.631378  0.0714766  -0.772174  0.029079  -0.250665  0.961099  -0.115995  0.23135
0.7341  0.267136  0.624288  0.06802  0.631293  0.07017  -0.772363  0.029118  -0.250132  0.961101  -0.117129  0.23107
0.734351  0.267485  0.623843  0.06791  0.631208  0.0688695  -0.77255  0.029162  -0.249609  0.961098  -0.118264  0.23079
0.734603  0.267851  0.623389  0.0678  0.631113  0.0675788  -0.772741  0.02921  -0.249108  0.961087  -0.119401  0.2305
0.734851  0.268208  0.622944  0.06769  0.631026  0.0662843  -0.772924  0.029257  -0.248596  0.961078  -0.120537  0.23021
0.735093  0.26858  0.622498  0.06758  0.630963  0.0649061  -0.773093  0.02931  -0.248041  0.961068  -0.121752  0.22992
0.735335  0.268952  0.622051  0.06747  0.630874  0.0636238  -0.773272  0.029364  -0.24755  0.96105  -0.12289  0.22962
0.735567  0.269312  0.621621  0.0673  0.6308  0.0623403  -0.773437  0.029416  -0.247048  0.961033  -0.124026  0.22933
0.735796  0.269679  0.62119  0.06726  0.630725  0.061063  -0.7736  0.02947  -0.246556  0.961012  -0.125164  0.22904
0.736028  0.270057  0.620751  0.06715  0.630666  0.0596931  -0.773755  0.029529  -0.246012  0.960992  -0.12638  0.22874
0.736257  0.270425  0.62032  0.06704  0.630591  0.0584155  -0.773914  0.029586  -0.245522  0.960967  -0.127519  0.22845
0.736485  0.27081  0.61988  0.06693  0.630531  0.0570515  -0.774064  0.029648  -0.244989  0.960941  -0.128736  0.22815
0.736714  0.271195  0.619441  0.06682  0.630471  0.0556874  -0.774213  0.029712  -0.244457  0.960912  -0.129955  0.22784
0.736935  0.271561  0.619017  0.06672  0.630426  0.0543159  -0.774346  0.029773  -0.243904  0.960887  -0.131172  0.22754
0.737153  0.271934  0.618592  0.06661  0.630356  0.0530467  -0.774491  0.029836  -0.243425  0.960853  -0.132312  0.22724
0.737372  0.272325  0.61816  0.0665  0.630302  0.0516911  -0.774627  0.029903  -0.242904  0.960816  -0.133531  0.22694
0.737581  0.272704  0.617744  0.066  0.630263  0.0503345  -0.774749  0.02997  -0.242371  0.96078  -0.134749  0.22663
0.737798  0.273095  0.617311  0.06629  0.630208  0.0489787  -0.77488  0.030039  -0.241851  0.96074  -0.13597  0.22632
0.738016  0.273485  0.616878  0.06618  0.630152  0.0476228  -0.77501  0.030111  -0.241331  0.960697  -0.137191  0.22601
0.738221  0.273872  0.616461  0.06607  0.630112  0.0462721  -0.775125  0.030181  -0.24081  0.960652  -0.138411  0.2257
0.738428  0.274252  0.616043  0.0659  0.630071  0.044915  -0.775238  0.03025  -0.24028  0.960608  -0.139631  0.2254
0.738647  0.274635  0.61561  0.06586  0.630015  0.0435524  -0.775361  0.030324  -0.239753  0.960562  -0.140855  0.22509
0.738851  0.275023  0.615192  0.06575  0.629973  0.0422014  -0.775469  0.030396  -0.239234  0.960511  -0.142076  0.22477
0.739066  0.275414  0.614759  0.06564  0.629917  0.0408449  -0.775588  0.03047  -0.238718  0.960458  -0.143301  0.22446
0.739281  0.275806  0.614325  0.06553  0.62986  0.0394883  -0.775704  0.030547  -0.238202  0.960402  -0.144526  0.22414
0.739492  0.276188  0.613899  0.06542  0.62981  0.038128  -0.775813  0.030621  -0.237677  0.960347  -0.145751  0.22383
0.739697  0.276568  0.61348  0.06531  0.629768  0.0367703  -0.775913  0.030695  -0.23715  0.960291  -0.146975  0.22352
0.739911  0.27696  0.613046  0.0652  0.62971  0.0354133  -0.776023  0.030772  -0.236637  0.960229  -0.148202  0.2232
0.740118  0.27735  0.612619  0.06509  0.629683  0.033963  -0.77611  0.03085  -0.23606  0.960169  -0.149506  0.22289
0.740325  0.27774  0.612192  0.0649  0.629632  0.0326086  -0.776209  0.030928  -0.235547  0.960103  -0.150733  0.22257
0.740538  0.278132  0.611757  0.06487  0.629573  0.0312515  -0.776312  0.031008  -0.235036  0.960034  -0.151962  0.22225
0.740746  0.278515  0.61133  0.06476  0.629545  0.0297946  -0.776392  0.031087  -0.234451  0.95997  -0.153267  0.22193
0.740949  0.278895  0.61091  0.06466  0.629501  0.0284365  -0.776479  0.031165  -0.233929  0.9599  -0.154495  0.22161
0.741155  0.279286  0.610483  0.0645  0.629449  0.0270818  -0.77657  0.031245  -0.233418  0.959826  -0.155724  0.22129
0.741368  0.279671  0.610047  0.06443  0.629389  0.025718  -0.776664  0.031326  -0.2329  0.959751  -0.156956  0.22097
0.741575  0.280054  0.609619  0.06432  0.629337  0.0243569  -0.776751  0.031406  -0.232381  0.959675  -0.158186  0.22066
0.741794  0.280442  0.609175  0.06421  0.629293  0.0228943  -0.776831  0.031488  -0.231803  0.959598  -0.159497  0.22033
0.742009  0.28082  0.608739  0.0641  0.629233  0.021524  -0.776919  0.031569  -0.231277  0.959519  -0.16073  0.22001
0.742218  0.281196  0.60831  0.06399  0.62918  0.0201564  -0.776999  0.031649  -0.23075  0.959439  -0.161962  0.21969
0.742432  0.281575  0.607874  0.06388  0.629119  0.018786  -0.777082  0.031729  -0.230226  0.959355  -0.163197  0.21937
0.742652  0.281955  0.607429  0.0637  0.629074  0.0173169  -0.777153  0.03181  -0.229641  0.959271  -0.16451  0.21905
0.742868  0.282326  0.606992  0.06365  0.629012  0.0159402  -0.777232  0.031891  -0.229109  0.959186  -0.165745  0.21873
0.743089  0.2827  0.606547  0.06354  0.628944  0.0145606  -0.777315  0.031973  -0.228578  0.959098  -0.166982  0.21841
0.743308  0.283081  0.606102  0.06342  0.628897  0.0130914  -0.777378  0.032054  -0.227995  0.959007  -0.168298  0.21808
0.743526  0.283445  0.605664  0.06331  0.628835  0.0117082  -0.77745  0.032134  -0.227455  0.958917  -0.169535  0.21776
0.743743  0.283809  0.605226  0.0632  0.628773  0.010325  -0.777521  0.032215  -0.226916  0.958825  -0.170772  0.21745
0.743969  0.284185  0.604772  0.06308  0.628695  0.00894257  -0.7776  0.032296  -0.22639  0.958728  -0.172013  0.21712
0.744194  0.284544  0.604326  0.06297  0.628625  0.00755026  -0.777672  0.032377  -0.225844  0.958633  -0.173252  0.2168
0.744427  0.284914  0.603864  0.06285  0.628563  0.0060628  -0.777735  0.032458  -0.225249  0.958534  -0.174573  0.21648
0.744657  0.285276  0.60341  0.06274  0.628484  0.00466767  -0.777808  0.03254  -0.224706  0.958434  -0.175815  0.21615
0.744881  0.285635  0.602963  0.06262  0.628413  0.0032753  -0.777873  0.03262  -0.224163  0.958333  -0.177057  0.21583
0.745111  0.285996  0.602508  0.06251  0.628334  0.00188013  -0.777941  0.0327  -0.223621  0.958229  -0.1783  0.21551
0.745343  0.28635  0.602053  0.06239  0.628255  0.000478671  -0.778008  0.032781  -0.223071  0.958125  -0.179544  0.21519
0.74558  0.286707  0.60159  0.06227  0.628168  -0.000925593  -0.778077  0.032862  -0.222523  0.958018  -0.18079  0.21487
0.745816  0.287063  0.601127  0.0621  0.628103  -0.00242566  -0.778127  0.032943  -0.221913  0.957909  -0.182114  0.21455
0.746058  0.287422  0.600655  0.06204  0.628008  -0.00383273  -0.778198  0.033024  -0.221369  0.957796  -0.183362  0.21422
0.746291  0.287769  0.600199  0.06192  0.627927  -0.00524048  -0.778255  0.033104  -0.220812  0.957686  -0.184609  0.2139
0.746529  0.288118  0.599735  0.0618  0.627838  -0.00665103  -0.778316  0.033183  -0.220258  0.957572  -0.185857  0.21358
0.746776  0.288462  0.599263  0.06168  0.627742  -0.00807065  -0.77838  0.033264  -0.219696  0.957457  -0.187106  0.21326
0.747016  0.288804  0.598798  0.06156  0.627652  -0.00948746  -0.778436  0.033343  -0.219134  0.957341  -0.188356  0.21294
0.747262  0.289148  0.598326  0.0614  0.627555  -0.0109071  -0.778496  0.033424  -0.218574  0.957222  -0.189607  0.21262
0.747512  0.289494  0.597845  0.06132  0.62745  -0.0123295  -0.778559  0.033504  -0.218017  0.9571  -0.19086  0.21229
0.747754  0.289829  0.59738  0.0612  0.62736  -0.0137525  -0.778608  0.033583  -0.217447  0.95698  -0.19211  0.21197
0.747996  0.290163  0.596915  0.06109  0.627268  -0.0151755  -0.778655  0.033662  -0.216879  0.956857  -0.193361  0.21166
0.748249  0.290502  0.596433  0.0609  0.627162  -0.0166041  -0.778712  0.033741  -0.216314  0.95673  -0.194616  0.21134
0.748504  0.290834  0.595951  0.06084  0.627055  -0.0180389  -0.778766  0.03382  -0.215741  0.956604  -0.195871  0.21102
0.748758  0.291165  0.59547  0.06072  0.626948  -0.0194737  -0.778818  0.033898  -0.215169  0.956475  -0.197127  0.2107
0.749018  0.291499  0.594979  0.0606  0.626833  -0.0209113  -0.778873  0.033978  -0.214599  0.956342  -0.198384  0.21037
0.749275  0.291823  0.594497  0.06048  0.626725  -0.0223524  -0.77892  0.034056  -0.214019  0.956211  -0.199641  0.21005
0.749531  0.292148  0.594014  0.06036  0.626616  -0.0237933  -0.778965  0.034133  -0.213439  0.956077  -0.200898  0.20974
0.749795  0.292467  0.593524  0.06023  0.626499  -0.0252433  -0.779014  0.034211  -0.212853  0.955942  -0.202157  0.20942
0.750059  0.292786  0.593033  0.06011  0.62636  -0.0265977  -0.77908  0.034288  -0.21233  0.955808  -0.203339  0.2091
0.750323  0.293105  0.592541  0.0599  0.626242  -0.0280476  -0.779124  0.034365  -0.211746  0.955669  -0.204599  0.20878
0.7506  0.293421  0.592034  0.05986  0.626109  -0.0295094  -0.779177  0.034442  -0.211156  0.955528  -0.205863  0.20846
0.750871  0.293735  0.591534  0.05973  0.625983  -0.0309682  -0.779222  0.034519  -0.210566  0.955385  -0.207126  0.20814
0.751131  0.294044  0.59105  0.05961  0.625849  -0.0323258  -0.779274  0.034594  -0.210035  0.955245  -0.208308  0.20783
0.751447  0.294324  0.590509  0.05949  0.625663  -0.0337408  -0.779364  0.034625  -0.209461  0.95511  -0.209502  0.20756
0.751764  0.294613  0.589961  0.05936  0.625448  -0.0350569  -0.779478  0.034657  -0.208962  0.954973  -0.21062  0.20728
0.752082  0.294902  0.589411  0.05923  0.625253  -0.0364684  -0.779569  0.034689  -0.208402  0.954831  -0.211816  0.207
0.752402  0.295184  0.588862  0.05911  0.625037  -0.0377906  -0.77968  0.03472  -0.207895  0.954693  -0.212935  0.20673
0.752718  0.295473  0.588312  0.05898  0.624821  -0.0391066  -0.779788  0.034751  -0.207399  0.95455  -0.214054  0.20645
0.753037  0.295755  0.587762  0.05885  0.624624  -0.0405242  -0.779873  0.034783  -0.206833  0.954404  -0.215252  0.20617
0.753353  0.296044  0.587212  0.05873  0.624407  -0.0418401  -0.779978  0.034816  -0.206339  0.954258  -0.216372  0.20589
0.753668  0.296333  0.586661  0.0586  0.62421  -0.0432514  -0.780058  0.03485  -0.205783  0.954105  -0.217571  0.20561
0.753986  0.296615  0.586111  0.05847  0.623991  -0.0445734  -0.780159  0.034885  -0.205282  0.953956  -0.218693  0.20534
0.754294  0.296902  0.585568  0.05835  0.623801  -0.0459817  -0.78023  0.034919  -0.204726  0.9538  -0.219891  0.20506
0.754611  0.297183  0.585016  0.05822  0.623581  -0.0473037  -0.780326  0.034954  -0.204226  0.953648  -0.221014  0.20478
0.754914  0.297468  0.584481  0.058  0.623397  -0.048709  -0.780387  0.034989  -0.203671  0.953488  -0.222212  0.2045
0.755224  0.297748  0.583937  0.05797  0.623183  -0.050028  -0.780474  0.035025  -0.203171  0.953333  -0.223334  0.20422
0.755532  0.298035  0.583393  0.05784  0.622991  -0.051436  -0.780536  0.035062  -0.202619  0.953168  -0.224534  0.20394
0.755841  0.298314  0.582849  0.05772  0.622777  -0.0527548  -0.780619  0.035099  -0.202121  0.953009  -0.225657  0.20366
0.756156  0.298595  0.582296  0.05759  0.622575  -0.0541718  -0.780683  0.035136  -0.201564  0.952841  -0.22686  0.20338
0.756462  0.298882  0.581751  0.05746  0.622361  -0.0554843  -0.780762  0.035173  -0.201078  0.952676  -0.227984  0.2031
0.756776  0.299164  0.581198  0.0573  0.622158  -0.056901  -0.780821  0.03521  -0.200523  0.952504  -0.229189  0.20282
0.757089  0.299445  0.580644  0.05721  0.621935  -0.0582225  -0.780901  0.035248  -0.200031  0.952335  -0.230315  0.20254
0.7574  0.299735  0.580091  0.05708  0.621732  -0.0596328  -0.780957  0.035288  -0.199487  0.952157  -0.23152  0.20225
0.757707  0.300014  0.579545  0.05695  0.621535  -0.0610464  -0.781004  0.035328  -0.198933  0.95198  -0.232725  0.20197
0.758014  0.300293  0.578999  0.05682  0.621318  -0.0623647  -0.781073  0.035368  -0.198442  0.951806  -0.233851  0.20169
0.75832  0.300573  0.578452  0.0567  0.62112  -0.0637781  -0.781116  0.035407  -0.197889  0.951624  -0.235056  0.2014
0.758626  0.300852  0.577906  0.05657  0.620902  -0.0650962  -0.78118  0.035448  -0.1974  0.951447  -0.236183  0.20112
0.758923  0.301137  0.577367  0.05644  0.620712  -0.0665002  -0.781214  0.035489  -0.196857  0.951259  -0.237388  0.20084
0.759223  0.301414  0.576828  0.05632  0.6205  -0.0678153  -0.781269  0.035531  -0.196367  0.951079  -0.238514  0.20056
0.759528  0.301693  0.57628  0.05619  0.620301  -0.0692282  -0.781303  0.035574  -0.195819  0.950888  -0.239721  0.20027
0.759832  0.301972  0.575733  0.05606  0.620081  -0.0705459  -0.78136  0.035617  -0.195333  0.950703  -0.24085  0.19999
0.760136  0.302251  0.575185  0.05594  0.61988  -0.0719585  -0.78139  0.035659  -0.194787  0.950508  -0.242058  0.1997
0.760439  0.302531  0.574637  0.05581  0.619679  -0.073371  -0.781418  0.035701  -0.194241  0.950311  -0.243266  0.19942
0.760742  0.30281  0.574088  0.05568  0.619458  -0.0746883  -0.781469  0.035745  -0.193759  0.95012  -0.244397  0.19913
0.761045  0.303089  0.573539  0.05555  0.619256  -0.0761006  -0.781492  0.035789  -0.193215  0.949919  -0.245606  0.19884
0.761347  0.303368  0.57299  0.05542  0.619034  -0.0774177  -0.781539  0.035834  -0.192734  0.949723  -0.246737  0.19856
0.761644  0.303645  0.572449  0.0553  0.618839  -0.0788267  -0.781553  0.035879  -0.19219  0.949519  -0.247945  0.19827
0.761945  0.303924  0.5719  0.05517  0.618635  -0.0802385  -0.78157  0.035924  -0.19165  0.949311  -0.249156  0.19798
0.762241  0.304201  0.571358  0.05504  0.61842  -0.0815523  -0.781605  0.03597  -0.19117  0.949111  -0.250287  0.1977
0.762531  0.304476  0.570825  0.05492  0.61823  -0.0829579  -0.781607  0.036016  -0.190626  0.948901  -0.251494  0.19741
0.762826  0.304753  0.570283  0.05479  0.618013  -0.0842715  -0.781638  0.036063  -0.190148  0.948696  -0.252626  0.19713
0.76312  0.30503  0.56974  0.05466  0.617815  -0.0856797  -0.781641  0.036111  -0.189609  0.948481  -0.253836  0.19684
0.763414  0.305307  0.569198  0.0545  0.617617  -0.0870877  -0.781642  0.036159  -0.189071  0.948263  -0.255047  0.19655
0.763708  0.305584  0.568655  0.05441  0.617399  -0.0884008  -0.781667  0.036206  -0.188595  0.948053  -0.25618  0.19626
0.76401  0.305855  0.568104  0.05428  0.617192  -0.0898176  -0.781669  0.036254  -0.188052  0.947832  -0.257393  0.19597
0.764308  0.306134  0.567552  0.05415  0.616985  -0.091228  -0.781669  0.036302  -0.187519  0.947607  -0.258606  0.19568
0.7646  0.306411  0.567009  0.05402  0.616785  -0.0926353  -0.781662  0.036351  -0.186985  0.947381  -0.259819  0.19539
0.764895  0.30668  0.566465  0.05389  0.616565  -0.0939539  -0.781678  0.036401  -0.186504  0.947164  -0.260953  0.1951
0.765187  0.306957  0.565921  0.05377  0.616363  -0.0953608  -0.781666  0.036451  -0.185971  0.946934  -0.262166  0.19481
0.765478  0.307234  0.565377  0.05364  0.616162  -0.0967676  -0.781652  0.036502  -0.18544  0.946701  -0.263379  0.19452
0.765763  0.307508  0.564841  0.05351  0.615949  -0.0980765  -0.781657  0.036552  -0.184969  0.946477  -0.264513  0.19424
0.766052  0.307775  0.564304  0.05339  0.615753  -0.0994861  -0.781634  0.036603  -0.184427  0.946244  -0.265725  0.19395
0.766336  0.30805  0.563767  0.05326  0.615539  -0.100795  -0.781634  0.036655  -0.183958  0.946016  -0.266859  0.19366
0.766621  0.308325  0.56323  0.05313  0.615343  -0.102198  -0.781607  0.036708  -0.183428  0.945776  -0.268072  0.19337
0.766908  0.308592  0.562693  0.053  0.615145  -0.103607  -0.781576  0.036761  -0.182889  0.945535  -0.269285  0.19308
0.767197  0.308868  0.562147  0.05288  0.614941  -0.105012  -0.78155  0.036814  -0.182364  0.94529  -0.270501  0.19279
0.767488  0.309137  0.561601  0.05275  0.614718  -0.106329  -0.781547  0.036866  -0.181891  0.945055  -0.271638  0.19249
0.767776  0.309414  0.561055  0.05262  0.614513  -0.107734  -0.781516  0.036919  -0.181367  0.944805  -0.272854  0.1922
0.768062  0.309681  0.560517  0.05249  0.614314  -0.109142  -0.781477  0.036972  -0.180832  0.944556  -0.274069  0.19191
0.768352  0.30995  0.55997  0.0523  0.614107  -0.110553  -0.781442  0.037027  -0.180301  0.944304  -0.275286  0.19162
0.768633  0.310224  0.559432  0.05224  0.61389  -0.11186  -0.781426  0.037083  -0.179839  0.94406  -0.276422  0.19132
0.768918  0.310491  0.558893  0.05211  0.613689  -0.113267  -0.781381  0.037138  -0.179307  0.943804  -0.277638  0.19103
0.769201  0.310758  0.558354  0.05198  0.613488  -0.114674  -0.781333  0.037193  -0.178777  0.943546  -0.278854  0.19074
0.769477  0.31103  0.557823  0.05186  0.613278  -0.115977  -0.781306  0.037249  -0.178315  0.943297  -0.27999  0.19045
0.769755  0.311294  0.557291  0.05173  0.613083  -0.117381  -0.781249  0.037306  -0.177783  0.943036  -0.281204  0.19015
0.770029  0.311567  0.55676  0.0516  0.612889  -0.118778  -0.78119  0.037363  -0.177262  0.942771  -0.282419  0.18986
0.770306  0.311831  0.556228  0.05148  0.612676  -0.120087  -0.781157  0.037421  -0.176793  0.942518  -0.283556  0.18957
0.770588  0.312098  0.555688  0.05135  0.612474  -0.121493  -0.781099  0.037479  -0.176267  0.94225  -0.284773  0.18927
0.77087  0.312364  0.555147  0.05122  0.61227  -0.122898  -0.781039  0.037536  -0.175742  0.941979  -0.28599  0.18898
0.771148  0.312639  0.554607  0.05109  0.612068  -0.124297  -0.780976  0.037594  -0.175227  0.941704  -0.287208  0.18869
0.771428  0.312905  0.554066  0.05097  0.611846  -0.125608  -0.78094  0.037652  -0.174765  0.941442  -0.288348  0.18839
0.771704  0.31317  0.553533  0.05084  0.611649  -0.12701  -0.780868  0.037712  -0.17424  0.941166  -0.289564  0.18809
0.771978  0.313434  0.552999  0.05071  0.611451  -0.128411  -0.780793  0.037772  -0.173716  0.940888  -0.29078  0.1878
0.772258  0.3137  0.552458  0.05058  0.611245  -0.129815  -0.780722  0.037832  -0.173195  0.940606  -0.291999  0.1875
0.772532  0.313965  0.551924  0.05046  0.611047  -0.131216  -0.780643  0.037892  -0.172673  0.940324  -0.293216  0.18721
0.772801  0.314227  0.551399  0.05033  0.610838  -0.13252  -0.780587  0.037953  -0.17221  0.940053  -0.294353  0.18691
0.773074  0.314491  0.550865  0.0502  0.610638  -0.13392  -0.780504  0.038014  -0.17169  0.939766  -0.295571  0.18662
0.773342  0.314753  0.550339  0.05008  0.610446  -0.135317  -0.780413  0.038076  -0.171168  0.939478  -0.296786  0.18632
0.773609  0.315016  0.549813  0.04995  0.610236  -0.13662  -0.780351  0.038139  -0.170707  0.939202  -0.297924  0.18603
0.773881  0.31528  0.549278  0.04983  0.610035  -0.138019  -0.780261  0.038202  -0.17019  0.938909  -0.299142  0.18573
0.774148  0.315542  0.548751  0.0497  0.609842  -0.139415  -0.780164  0.038264  -0.16967  0.938614  -0.300359  0.18544
0.774419  0.315806  0.548216  0.04957  0.60964  -0.140814  -0.780071  0.038326  -0.169155  0.938317  -0.301577  0.18514
0.77469  0.31607  0.547681  0.04944  0.609439  -0.142212  -0.779975  0.038389  -0.16864  0.938017  -0.302796  0.18484
0.774961  0.316334  0.547145  0.04932  0.60922  -0.143517  -0.779907  0.038453  -0.168187  0.937729  -0.303937  0.18454
0.775226  0.316596  0.546618  0.04919  0.609024  -0.144911  -0.779801  0.038518  -0.167671  0.937426  -0.305154  0.18424
0.775494  0.316851  0.54609  0.04906  0.608827  -0.146312  -0.779694  0.038584  -0.167147  0.937123  -0.306371  0.18395
0.775759  0.317112  0.545562  0.04894  0.608631  -0.147706  -0.779584  0.038649  -0.166633  0.936815  -0.307589  0.18365
0.776023  0.317374  0.545034  0.04881  0.608418  -0.149006  -0.779503  0.038714  -0.166181  0.936521  -0.308728  0.18335
0.776281  0.317634  0.544514  0.04869  0.608229  -0.150396  -0.779384  0.038779  -0.165666  0.93621  -0.309944  0.18306
0.77654  0.317894  0.543994  0.04856  0.608039  -0.151787  -0.779262  0.038846  -0.165152  0.935898  -0.31116  0.18276
0.776802  0.318156  0.543465  0.04844  0.607841  -0.153179  -0.779144  0.038913  -0.164641  0.935582  -0.312378  0.18246
0.777063  0.318408  0.542945  0.04831  0.607633  -0.154481  -0.779049  0.038981  -0.164181  0.935282  -0.313517  0.18217
0.777325  0.31867  0.542416  0.0481  0.607434  -0.155873  -0.778927  0.039048  -0.163672  0.934962  -0.314735  0.18187
0.777582  0.318929  0.541895  0.04806  0.607243  -0.157262  -0.778797  0.039114  -0.163162  0.93464  -0.315952  0.18157
0.777847  0.319183  0.541365  0.04793  0.607043  -0.158659  -0.77867  0.039182  -0.162646  0.934318  -0.31717  0.18127
0.778108  0.319445  0.540835  0.04781  0.606843  -0.16005  -0.778541  0.03925  -0.16214  0.933991  -0.318389  0.18097
0.778367  0.319697  0.540314  0.04768  0.606633  -0.16135  -0.778436  0.039319  -0.161684  0.933681  -0.319528  0.18067
0.778622  0.319956  0.539792  0.04755  0.60644  -0.162738  -0.778297  0.039388  -0.161177  0.933351  -0.320745  0.18037
0.77888  0.320208  0.53927  0.04743  0.606245  -0.16413  -0.778157  0.039457  -0.160661  0.933021  -0.321963  0.18007
0.779135  0.320468  0.538748  0.0473  0.606052  -0.165517  -0.778014  0.039526  -0.160156  0.932687  -0.32318  0.17978
0.779387  0.320717  0.538234  0.04718  0.605847  -0.166813  -0.777896  0.039596  -0.159701  0.93237  -0.324318  0.17948
0.779636  0.320975  0.53772  0.04706  0.60566  -0.168195  -0.777744  0.039666  -0.159194  0.932033  -0.325533  0.17918
0.779888  0.321224  0.537205  0.04693  0.605471  -0.169584  -0.77759  0.039737  -0.158679  0.931695  -0.326748  0.17888
0.78014  0.321474  0.536691  0.04681  0.605266  -0.170879  -0.777466  0.039808  -0.158226  0.931373  -0.327886  0.17859
0.780391  0.321723  0.536176  0.04668  0.605076  -0.172266  -0.777308  0.039879  -0.157713  0.931031  -0.329102  0.17829
0.780643  0.321983  0.535652  0.04656  0.60488  -0.17365  -0.777152  0.03995  -0.157213  0.930684  -0.33032  0.17799
0.780894  0.322232  0.535137  0.04643  0.604674  -0.174944  -0.777022  0.040021  -0.156763  0.930355  -0.331458  0.17769
0.781148  0.322484  0.534613  0.04631  0.604476  -0.176333  -0.776862  0.040093  -0.156255  0.930006  -0.332676  0.17739
0.781398  0.322733  0.534098  0.04618  0.604285  -0.177719  -0.776695  0.040165  -0.155746  0.929655  -0.333892  0.17709
0.781651  0.322975  0.533582  0.04606  0.604091  -0.179111  -0.776526  0.040237  -0.155228  0.929304  -0.335108  0.17679
0.7819  0.323224  0.533066  0.04593  0.603884  -0.180403  -0.776388  0.04031  -0.154781  0.928968  -0.336247  0.17649
0.782148  0.323473  0.53255  0.04581  0.603692  -0.181787  -0.776215  0.040382  -0.154274  0.928611  -0.337463  0.17619
0.782397  0.323723  0.532033  0.0456  0.603499  -0.183172  -0.776039  0.040454  -0.153768  0.928252  -0.338679  0.17589
0.78264  0.32397  0.531525  0.04556  0.603298  -0.18446  -0.775891  0.040527  -0.15332  0.927911  -0.339816  0.1756
0.782885  0.324209  0.531017  0.04544  0.60311  -0.185846  -0.775706  0.040601  -0.152804  0.92755  -0.34103  0.1753
0.783128  0.324456  0.530508  0.04532  0.602923  -0.187226  -0.775519  0.040675  -0.152297  0.927186  -0.342244  0.175
0.783378  0.324698  0.529991  0.04519  0.602712  -0.188522  -0.775369  0.040748  -0.151846  0.926839  -0.343383  0.1747
0.78362  0.324945  0.529482  0.04507  0.602525  -0.189901  -0.775178  0.040822  -0.151341  0.926471  -0.344597  0.1744
0.783869  0.325186  0.528965  0.04494  0.602328  -0.191288  -0.77499  0.040895  -0.150831  0.926101  -0.345814  0.1741
0.78411  0.325433  0.528455  0.04482  0.602125  -0.192574  -0.774829  0.040969  -0.150388  0.925748  -0.346951  0.1738
0.784359  0.325674  0.527937  0.044  0.601928  -0.193961  -0.774637  0.041043  -0.14988  0.925373  -0.348167  0.1735
0.784602  0.325913  0.527428  0.04457  0.601723  -0.195251  -0.774472  0.041118  -0.14943  0.925018  -0.349304  0.17321
0.784845  0.326152  0.526918  0.04445  0.601532  -0.196634  -0.77427  0.041193  -0.14892  0.92464  -0.350518  0.17291
0.785088  0.326391  0.526408  0.0443  0.601341  -0.198016  -0.774066  0.041267  -0.148411  0.924261  -0.351733  0.17261
0.785331  0.32663  0.525898  0.0442  0.601134  -0.199306  -0.773896  0.041342  -0.147963  0.923899  -0.35287  0.17231
0.785568  0.326867  0.525396  0.04408  0.60095  -0.200684  -0.773683  0.041416  -0.147453  0.923517  -0.354082  0.17202
0.785808  0.327096  0.524894  0.04396  0.600748  -0.201976  -0.773504  0.041491  -0.146994  0.923154  -0.355217  0.17172
0.78605  0.327335  0.524383  0.0438  0.600555  -0.203356  -0.773291  0.041567  -0.146489  0.922766  -0.356431  0.17142
0.786286  0.327572  0.52388  0.04371  0.600355  -0.204641  -0.773108  0.041642  -0.146041  0.922398  -0.357566  0.17113
0.78653  0.327803  0.523369  0.04359  0.60016  -0.206026  -0.772892  0.041717  -0.145528  0.922008  -0.35878  0.17083
0.786771  0.328042  0.522858  0.04347  0.599951  -0.207313  -0.772709  0.041792  -0.145086  0.921634  -0.359917  0.17053
0.78701  0.328271  0.522355  0.04334  0.599763  -0.208695  -0.772484  0.041867  -0.144571  0.921241  -0.361129  0.17023
0.787253  0.328501  0.521843  0.04322  0.599552  -0.209986  -0.772297  0.041943  -0.144121  0.920865  -0.362266  0.16994
0.787491  0.32873  0.52134  0.0431  0.599362  -0.211367  -0.772068  0.042019  -0.143608  0.920468  -0.363478  0.16964
0.787728  0.328959  0.520836  0.0429  0.599158  -0.212655  -0.771873  0.042095  -0.143156  0.920089  -0.364613  0.16934
0.787967  0.329197  0.520324  0.04285  0.598963  -0.214031  -0.771644  0.042171  -0.142658  0.919685  -0.365827  0.16905
0.788204  0.329426  0.51982  0.04273  0.598758  -0.215318  -0.771445  0.042247  -0.142207  0.919302  -0.366961  0.16875
0.788436  0.329653  0.519324  0.04261  0.59856  -0.216602  -0.771239  0.042323  -0.141754  0.918919  -0.368094  0.16846
0.788671  0.329871  0.518828  0.04249  0.598374  -0.217983  -0.770994  0.042398  -0.141233  0.918514  -0.369303  0.16816
0.788907  0.3301  0.518324  0.04237  0.598168  -0.219268  -0.770789  0.042474  -0.140785  0.918126  -0.370438  0.16787
0.789141  0.330318  0.517828  0.04225  0.597967  -0.220557  -0.770578  0.042551  -0.140326  0.917739  -0.37157  0.16757
0.789377  0.330547  0.517323  0.04212  0.597775  -0.221933  -0.770332  0.042627  -0.13982  0.917325  -0.372781  0.16728
0.789607  0.330773  0.516827  0.042  0.597576  -0.223214  -0.770116  0.042703  -0.139371  0.916932  -0.373913  0.16698
0.789845  0.330994  0.516321  0.04188  0.597367  -0.224504  -0.769903  0.042779  -0.138917  0.916538  -0.375048  0.16669
0.790083  0.331214  0.515816  0.04176  0.597171  -0.225885  -0.769651  0.042855  -0.138404  0.916119  -0.376259  0.16639
0.790316  0.331432  0.515319  0.04164  0.596969  -0.22717  -0.76943  0.042931  -0.137949  0.915722  -0.377391  0.1661
0.790553  0.331653  0.514813  0.04152  0.596759  -0.228458  -0.769211  0.043007  -0.137498  0.915321  -0.378525  0.16581
0.790785  0.331871  0.514316  0.041  0.596569  -0.229835  -0.768948  0.043083  -0.136984  0.914898  -0.379734  0.16551
