0.181057  0.346427  0.920438  0.08309  0.623498  0.683352  -0.379842  0.14618  -0.760571  0.642665  -0.0922709  0.32431
0.181135  0.346491  0.920399  0.08308  0.623549  0.683256  -0.379931  0.14615  -0.760511  0.642733  -0.0922927  0.32431
0.181289  0.346618  0.920321  0.08307  0.623574  0.683128  -0.380119  0.14611  -0.760453  0.6428  -0.0922981  0.3243
0.182613  0.347793  0.919615  0.08292  0.624044  0.68178  -0.381765  0.14575  -0.759751  0.643596  -0.0925361  0.32424
0.183743  0.348757  0.919025  0.0828  0.624427  0.680656  -0.383143  0.14545  -0.759164  0.644264  -0.0927077  0.32418
0.185074  0.349925  0.918314  0.08264  0.624889  0.679303  -0.384787  0.14507  -0.75846  0.645058  -0.0929427  0.32411
0.185897  0.350632  0.917878  0.08255  0.625142  0.678497  -0.385797  0.14484  -0.75805  0.645522  -0.0930641  0.32407
0.187112  0.351648  0.917242  0.0824  0.625565  0.677271  -0.387261  0.14451  -0.757401  0.646256  -0.0932535  0.32401
0.188217  0.352618  0.916643  0.08229  0.625944  0.676138  -0.388626  0.14421  -0.756814  0.646914  -0.0934589  0.32395
0.189603  0.353851  0.915882  0.08213  0.626373  0.674743  -0.390357  0.14383  -0.756113  0.647697  -0.0937098  0.32388
0.190669  0.354733  0.915319  0.08201  0.626764  0.67364  -0.391631  0.14353  -0.755521  0.648362  -0.0938915  0.32382
0.191782  0.355693  0.914714  0.08188  0.627134  0.672502  -0.392994  0.14322  -0.754932  0.649017  -0.0940936  0.32376
0.192976  0.356711  0.914066  0.08174  0.627549  0.671264  -0.394445  0.1429  -0.754283  0.64974  -0.094316  0.3237
0.194216  0.357806  0.913376  0.08159  0.627941  0.66999  -0.395984  0.14255  -0.753638  0.650453  -0.0945584  0.32362
0.195415  0.358817  0.912723  0.08145  0.628349  0.668748  -0.397434  0.14222  -0.752987  0.651174  -0.0947785  0.32355
0.196538  0.359763  0.912109  0.08132  0.628706  0.667602  -0.398794  0.14192  -0.752397  0.651827  -0.0949763  0.32349
0.197786  0.360847  0.911411  0.0811  0.629088  0.666321  -0.40033  0.14158  -0.75175  0.652538  -0.0952153  0.32342
0.198994  0.361847  0.910751  0.08103  0.629561  0.665008  -0.401767  0.14125  -0.751036  0.653323  -0.0954723  0.32335
0.200248  0.362923  0.910048  0.08088  0.629936  0.663723  -0.403302  0.1409  -0.750388  0.654032  -0.0957091  0.32327
0.201344  0.363877  0.909425  0.08075  0.630288  0.662568  -0.404649  0.14059  -0.749798  0.654674  -0.0959433  0.3232
0.202559  0.364866  0.908759  0.0806  0.630751  0.661249  -0.406083  0.14025  -0.749082  0.655456  -0.0961976  0.32312
0.20374  0.365872  0.90809  0.08045  0.631144  0.659991  -0.407517  0.13993  -0.74843  0.656163  -0.0964512  0.32305
0.205049  0.367013  0.907335  0.0803  0.631559  0.658596  -0.409126  0.13957  -0.747722  0.656926  -0.0967457  0.32296
0.206191  0.367933  0.906703  0.08015  0.631965  0.65737  -0.41047  0.13925  -0.747065  0.65764  -0.0969767  0.32289
0.20738  0.368929  0.906027  0.08001  0.632347  0.656106  -0.4119  0.13893  -0.746412  0.658343  -0.0972277  0.32281
0.208571  0.369921  0.905349  0.07986  0.632726  0.65484  -0.41333  0.1386  -0.745758  0.659047  -0.097478  0.32273
0.209809  0.370989  0.904625  0.07971  0.633156  0.65347  -0.414837  0.13825  -0.745046  0.659806  -0.0977896  0.32264
0.211005  0.371974  0.903942  0.07956  0.633528  0.652201  -0.416265  0.13792  -0.744392  0.660507  -0.0980383  0.32256
0.212122  0.372899  0.9033  0.0794  0.633926  0.650962  -0.417594  0.13761  -0.743735  0.661207  -0.0983073  0.32248
0.213322  0.373878  0.902612  0.07926  0.634366  0.649623  -0.419011  0.13728  -0.743016  0.661971  -0.0985965  0.32239
0.214525  0.374853  0.901922  0.07911  0.634802  0.648281  -0.420426  0.13695  -0.742297  0.662734  -0.0988851  0.3223
0.215693  0.375847  0.90123  0.07896  0.63517  0.647001  -0.42184  0.13661  -0.741644  0.663423  -0.0991732  0.32221
0.216818  0.376759  0.900579  0.07881  0.635556  0.645755  -0.423165  0.1363  -0.740985  0.664118  -0.0994401  0.32213
0.218028  0.377724  0.899882  0.07866  0.635982  0.644407  -0.424577  0.13597  -0.740264  0.664879  -0.0997272  0.32204
0.219202  0.378708  0.899184  0.07851  0.63634  0.643121  -0.425989  0.13565  -0.739609  0.665564  -0.100014  0.32195
0.220378  0.379688  0.898482  0.0783  0.636695  0.641834  -0.427399  0.13532  -0.738954  0.666248  -0.1003  0.32186
0.221511  0.380588  0.897823  0.07821  0.637141  0.640514  -0.42871  0.13501  -0.73823  0.667004  -0.100607  0.32177
0.222608  0.381507  0.897161  0.07806  0.637447  0.639323  -0.430031  0.13469  -0.737636  0.667621  -0.100872  0.32168
0.223745  0.382401  0.896498  0.07791  0.637888  0.638  -0.431341  0.13438  -0.736911  0.668375  -0.101179  0.32159
0.224929  0.383368  0.895788  0.07776  0.638303  0.636638  -0.432737  0.13406  -0.73619  0.669119  -0.101507  0.32149
0.226032  0.384279  0.89512  0.07761  0.6386  0.635442  -0.434054  0.13375  -0.735595  0.669734  -0.10177  0.3214
0.227091  0.385109  0.894495  0.07747  0.638989  0.634215  -0.435274  0.13345  -0.73493  0.670419  -0.102056  0.32131
0.228197  0.386013  0.893823  0.07732  0.639354  0.632949  -0.43658  0.13314  -0.73427  0.671095  -0.102362  0.32121
0.229305  0.386915  0.89315  0.07718  0.639715  0.631681  -0.437885  0.13283  -0.73361  0.67177  -0.102668  0.32112
0.230368  0.387737  0.892519  0.07703  0.640096  0.630449  -0.439102  0.13253  -0.732944  0.672453  -0.102953  0.32102
0.231395  0.38858  0.891887  0.07689  0.640411  0.62928  -0.440318  0.13223  -0.732345  0.673062  -0.103239  0.32093
0.232508  0.389473  0.891207  0.07674  0.640837  0.62794  -0.44161  0.13194  -0.73162  0.673797  -0.103588  0.32083
0.233538  0.390311  0.890571  0.0766  0.641147  0.626768  -0.442824  0.13164  -0.73102  0.674403  -0.103873  0.32074
0.234608  0.391123  0.889934  0.07646  0.64159  0.625462  -0.444027  0.13135  -0.730289  0.675145  -0.104202  0.32064
0.235595  0.391879  0.88934  0.07632  0.641917  0.624325  -0.445153  0.13106  -0.729683  0.675758  -0.104466  0.32054
0.236629  0.392709  0.888699  0.07618  0.642292  0.62308  -0.446354  0.13078  -0.729018  0.676425  -0.104795  0.32044
0.237665  0.393537  0.888056  0.07604  0.642591  0.621902  -0.447565  0.13049  -0.728417  0.677028  -0.105079  0.32035
0.238656  0.394287  0.887458  0.0759  0.642984  0.620693  -0.448678  0.1302  -0.727747  0.677701  -0.105388  0.32024
0.239654  0.395134  0.886812  0.07576  0.643289  0.619508  -0.449876  0.12992  -0.727149  0.678291  -0.105717  0.32014
0.240648  0.395878  0.88621  0.07562  0.643677  0.618297  -0.450988  0.12965  -0.726477  0.678962  -0.106026  0.32004
0.241603  0.396645  0.885607  0.07549  0.644  0.617148  -0.452098  0.12937  -0.725873  0.67956  -0.106335  0.31994
0.2426  0.397386  0.885003  0.07535  0.644383  0.615933  -0.453208  0.12909  -0.725201  0.680229  -0.106643  0.31984
0.243557  0.398148  0.884397  0.07521  0.644701  0.614782  -0.454317  0.12881  -0.724596  0.680824  -0.106952  0.31973
0.244516  0.398909  0.883789  0.07508  0.645018  0.613629  -0.455425  0.12855  -0.723992  0.681419  -0.107261  0.31963
0.24543  0.399592  0.883227  0.07494  0.645428  0.612446  -0.456435  0.12827  -0.723316  0.682083  -0.107595  0.31953
0.246391  0.400349  0.882617  0.07481  0.64574  0.61129  -0.457541  0.12801  -0.722711  0.682675  -0.107905  0.31942
0.247353  0.401103  0.882005  0.07467  0.646049  0.610134  -0.458647  0.12773  -0.722105  0.683267  -0.108214  0.31932
0.248271  0.40178  0.881439  0.07454  0.646453  0.608946  -0.459655  0.12747  -0.721429  0.683928  -0.108549  0.31921
0.249235  0.402531  0.880824  0.0744  0.646758  0.607787  -0.460759  0.1272  -0.720823  0.684517  -0.108858  0.3191
0.250114  0.403229  0.880255  0.07427  0.647096  0.606662  -0.461766  0.12694  -0.720215  0.685104  -0.109193  0.319
0.251034  0.403901  0.879685  0.07414  0.647493  0.605471  -0.462771  0.12667  -0.719538  0.685762  -0.109529  0.31888
0.252002  0.404645  0.879066  0.074  0.647791  0.604308  -0.463873  0.1264  -0.718931  0.686348  -0.109839  0.31877
0.252884  0.405338  0.878494  0.07387  0.648123  0.60318  -0.464877  0.12614  -0.718322  0.686932  -0.110174  0.31866
0.253807  0.406004  0.87792  0.07374  0.648513  0.601985  -0.46588  0.12588  -0.717644  0.687586  -0.110511  0.31855
0.254691  0.406693  0.877345  0.0736  0.648841  0.600854  -0.466883  0.12562  -0.717034  0.688168  -0.110847  0.31844
0.255616  0.407355  0.876768  0.07347  0.649227  0.599657  -0.467885  0.12535  -0.716355  0.68882  -0.111184  0.31832
0.256502  0.408041  0.87619  0.07334  0.64955  0.598524  -0.468886  0.1251  -0.715745  0.6894  -0.111521  0.31821
0.257429  0.408699  0.875611  0.0732  0.649931  0.597324  -0.469886  0.12483  -0.715066  0.69005  -0.111858  0.31809
0.258316  0.409382  0.875031  0.07307  0.650251  0.596189  -0.470885  0.12457  -0.714455  0.690627  -0.112195  0.31798
0.259205  0.410062  0.87445  0.0729  0.650568  0.595052  -0.471884  0.12431  -0.713845  0.691203  -0.112533  0.31786
0.260094  0.410741  0.873867  0.0728  0.650883  0.593914  -0.472882  0.12405  -0.713234  0.691779  -0.112871  0.31774
0.261025  0.411392  0.873283  0.07267  0.651327  0.592641  -0.473867  0.12379  -0.712488  0.692484  -0.113257  0.31762
0.261916  0.412067  0.872697  0.07253  0.651638  0.5915  -0.474863  0.12353  -0.711876  0.693057  -0.113595  0.3175
0.262808  0.41274  0.872111  0.072  0.651947  0.590359  -0.475859  0.12326  -0.711265  0.693629  -0.113934  0.31738
0.263742  0.413386  0.871523  0.07226  0.652384  0.589082  -0.476842  0.123  -0.710518  0.694331  -0.11432  0.31725
0.264636  0.414055  0.870934  0.07212  0.652688  0.587938  -0.477836  0.12274  -0.709906  0.694901  -0.11466  0.31713
0.26553  0.414723  0.870344  0.07198  0.653062  0.586724  -0.478817  0.12248  -0.709228  0.695528  -0.115047  0.317
0.266472  0.415463  0.869703  0.07184  0.653407  0.585468  -0.479882  0.12221  -0.708556  0.696145  -0.115455  0.31687
0.267389  0.416114  0.86911  0.0717  0.653805  0.584218  -0.480862  0.12194  -0.707843  0.696806  -0.115844  0.31674
0.268287  0.416777  0.868516  0.07156  0.654101  0.58307  -0.481852  0.12168  -0.70723  0.697372  -0.116184  0.31661
0.269197  0.417429  0.86792  0.07142  0.654483  0.581831  -0.48283  0.12141  -0.70653  0.698016  -0.116573  0.31647
0.270104  0.418083  0.867324  0.07128  0.654857  0.580597  -0.483807  0.12114  -0.705837  0.698651  -0.116963  0.31634
0.271064  0.418805  0.866676  0.07113  0.655208  0.579315  -0.484867  0.12087  -0.705143  0.699283  -0.117373  0.3162
0.271964  0.41946  0.866077  0.07099  0.655566  0.578092  -0.485843  0.12061  -0.704464  0.699902  -0.117763  0.31606
0.272874  0.420108  0.865476  0.07085  0.655933  0.576855  -0.486817  0.12034  -0.70377  0.700534  -0.118154  0.31592
0.27378  0.420757  0.864874  0.0707  0.656362  0.575553  -0.487778  0.12007  -0.703017  0.701215  -0.118594  0.31578
0.274739  0.421474  0.864221  0.07056  0.656698  0.574272  -0.488835  0.1198  -0.702329  0.701834  -0.119006  0.31564
0.275647  0.42212  0.863617  0.07041  0.657052  0.573037  -0.489806  0.11953  -0.701642  0.702455  -0.119399  0.31549
0.276552  0.422766  0.863011  0.07026  0.657469  0.571738  -0.490765  0.11926  -0.700895  0.703125  -0.11984  0.31535
0.277505  0.423483  0.862354  0.0701  0.657786  0.570467  -0.491818  0.11899  -0.70022  0.703726  -0.120254  0.3152
0.278411  0.424125  0.861745  0.0699  0.658198  0.569165  -0.492775  0.11872  -0.699473  0.704393  -0.120697  0.31504
0.279365  0.424838  0.861085  0.06981  0.65858  0.56782  -0.493814  0.11844  -0.698732  0.705048  -0.121161  0.31489
0.280261  0.425485  0.860474  0.06967  0.65897  0.566535  -0.494769  0.11818  -0.698006  0.705691  -0.121605  0.31474
0.281165  0.426125  0.859862  0.06951  0.659369  0.565236  -0.495722  0.1179  -0.697265  0.706347  -0.122049  0.31458
0.282114  0.426838  0.859198  0.06936  0.659733  0.5639  -0.496758  0.11763  -0.696537  0.706983  -0.122515  0.31442
0.283015  0.427477  0.858583  0.0692  0.660121  0.562605  -0.49771  0.11736  -0.695803  0.707629  -0.122961  0.31425
0.283961  0.428189  0.857916  0.06905  0.660544  0.561203  -0.498731  0.11709  -0.695016  0.708312  -0.123478  0.31409
0.284856  0.42883  0.857299  0.06889  0.660917  0.559918  -0.499681  0.11681  -0.694295  0.70894  -0.123925  0.31392
0.285799  0.429541  0.856629  0.06874  0.661329  0.558519  -0.5007  0.11654  -0.693515  0.709613  -0.124444  0.31375
0.286743  0.43025  0.855958  0.06858  0.661738  0.557119  -0.501718  0.11626  -0.692735  0.710284  -0.124963  0.31358
0.287635  0.430889  0.855336  0.06842  0.662098  0.555837  -0.502664  0.11599  -0.69202  0.710901  -0.125412  0.3134
0.288576  0.431597  0.854662  0.06826  0.662497  0.554441  -0.50368  0.11572  -0.691247  0.711561  -0.125933  0.31323
0.289518  0.432303  0.853987  0.068  0.662893  0.553043  -0.504694  0.11545  -0.690473  0.71222  -0.126455  0.31305
0.29046  0.433008  0.85331  0.06793  0.663356  0.551573  -0.505694  0.11517  -0.689632  0.712932  -0.127028  0.31286
0.291399  0.433713  0.852631  0.06776  0.663741  0.550179  -0.506706  0.11489  -0.688865  0.71358  -0.127552  0.31267
0.292334  0.43442  0.851951  0.0676  0.664119  0.54879  -0.507717  0.11462  -0.688104  0.714219  -0.128076  0.31249
0.293274  0.435121  0.85127  0.06743  0.664568  0.547322  -0.508713  0.11435  -0.68727  0.714919  -0.128652  0.3123
0.294163  0.435753  0.850639  0.06727  0.664968  0.545972  -0.509638  0.11407  -0.686502  0.715565  -0.129157  0.31211
0.295152  0.436522  0.849902  0.06709  0.665384  0.544459  -0.510714  0.1138  -0.685675  0.71625  -0.129756  0.31191
0.29609  0.437221  0.849217  0.06693  0.665819  0.542992  -0.511707  0.11353  -0.684847  0.716936  -0.130335  0.31171
0.297029  0.437918  0.848529  0.06676  0.666252  0.541525  -0.512698  0.11325  -0.684019  0.717621  -0.130915  0.31151
0.297968  0.438613  0.847841  0.0665  0.666614  0.540127  -0.5137  0.11298  -0.683257  0.718249  -0.131445  0.31131
0.298912  0.439303  0.847151  0.06641  0.667115  0.538578  -0.514675  0.11271  -0.682355  0.71899  -0.132078  0.3111
0.299848  0.439997  0.846459  0.06624  0.667535  0.537112  -0.515662  0.11244  -0.681534  0.719662  -0.132661  0.31089
0.300789  0.440687  0.845766  0.06606  0.667957  0.535638  -0.516648  0.11217  -0.680705  0.720338  -0.133245  0.31068
0.301775  0.441447  0.845019  0.06589  0.668342  0.534127  -0.517713  0.1119  -0.67989  0.720994  -0.133852  0.31047
0.302717  0.442133  0.844323  0.06571  0.668827  0.532578  -0.518683  0.11163  -0.678994  0.72172  -0.13449  0.31025
0.303708  0.442886  0.843572  0.06553  0.669211  0.531057  -0.519745  0.11136  -0.678173  0.722378  -0.135098  0.31003
0.304647  0.443571  0.842873  0.06536  0.669685  0.529511  -0.520711  0.11109  -0.677283  0.723092  -0.135738  0.30981
0.305587  0.444254  0.842173  0.06518  0.670155  0.527964  -0.521676  0.11082  -0.676394  0.723804  -0.13638  0.30958
0.306561  0.444973  0.841439  0.065  0.670611  0.526383  -0.522688  0.11056  -0.675501  0.724513  -0.137035  0.30936
0.30754  0.445698  0.840697  0.06481  0.67106  0.524796  -0.523706  0.11029  -0.674609  0.725219  -0.137694  0.30912
0.308497  0.446396  0.839977  0.0646  0.671446  0.523303  -0.524704  0.11003  -0.673788  0.725868  -0.138293  0.30889
0.309472  0.447109  0.839238  0.06445  0.671959  0.521645  -0.525697  0.10977  -0.672828  0.726622  -0.139005  0.30865
0.310439  0.447817  0.838503  0.06427  0.672401  0.520068  -0.526694  0.10951  -0.671941  0.727316  -0.139663  0.30841
0.311426  0.448541  0.83775  0.06408  0.672835  0.51847  -0.527714  0.10925  -0.671049  0.728011  -0.140329  0.30817
0.312399  0.449241  0.837012  0.0639  0.673342  0.51681  -0.528694  0.10899  -0.670087  0.728759  -0.141042  0.30792
0.313372  0.44995  0.836267  0.06372  0.673772  0.515224  -0.529694  0.10874  -0.669201  0.729445  -0.141707  0.30768
0.314346  0.450656  0.835521  0.06353  0.674198  0.513636  -0.530693  0.10848  -0.668314  0.730128  -0.142372  0.30743
0.315335  0.451372  0.834762  0.06334  0.674687  0.511958  -0.531692  0.10823  -0.667354  0.730864  -0.143096  0.30717
0.316325  0.452085  0.834001  0.06316  0.675173  0.510279  -0.532689  0.10797  -0.666394  0.731597  -0.143821  0.30692
0.317306  0.452792  0.833244  0.06297  0.675653  0.508609  -0.533676  0.10773  -0.66544  0.732323  -0.144546  0.30666
0.318296  0.453501  0.832481  0.06278  0.676132  0.506926  -0.534669  0.10748  -0.664479  0.733051  -0.145274  0.3064
0.319288  0.454208  0.831715  0.06259  0.676609  0.505241  -0.535661  0.10723  -0.663518  0.733776  -0.146004  0.30614
0.320294  0.454923  0.830937  0.0624  0.67708  0.503539  -0.536667  0.10698  -0.662551  0.734502  -0.146739  0.30587
0.321282  0.455629  0.830169  0.06221  0.677545  0.501857  -0.537654  0.10674  -0.661597  0.735215  -0.147472  0.3056
0.322284  0.456334  0.829393  0.06202  0.678013  0.500156  -0.538648  0.10649  -0.660629  0.735937  -0.148208  0.30533
0.323283  0.457039  0.828615  0.06183  0.678473  0.49846  -0.53964  0.10625  -0.659668  0.73665  -0.148945  0.30506
0.324301  0.457759  0.82782  0.06163  0.678992  0.496668  -0.540639  0.10601  -0.658634  0.737412  -0.149745  0.30478
0.3253  0.45846  0.827039  0.06144  0.679445  0.494969  -0.541628  0.10577  -0.657673  0.738119  -0.150485  0.3045
0.326301  0.459159  0.826257  0.06125  0.679961  0.493193  -0.542599  0.10553  -0.656644  0.738873  -0.151281  0.30422
0.327311  0.45986  0.825468  0.06105  0.68041  0.491479  -0.543591  0.1053  -0.655676  0.739579  -0.152027  0.30394
0.328331  0.460571  0.824665  0.06086  0.680914  0.48968  -0.544582  0.10506  -0.654641  0.740329  -0.152832  0.30365
0.329347  0.461274  0.823867  0.06066  0.681418  0.487884  -0.545563  0.10483  -0.653605  0.741077  -0.153638  0.30337
0.33035  0.461965  0.823078  0.06047  0.681855  0.486175  -0.546541  0.10459  -0.652643  0.74177  -0.154385  0.30308
0.331367  0.462663  0.822277  0.06027  0.682352  0.484375  -0.547518  0.10436  -0.651607  0.742511  -0.155193  0.30279
0.332389  0.463366  0.821468  0.06007  0.682842  0.482569  -0.548501  0.10413  -0.650572  0.743249  -0.156005  0.3025
0.333417  0.464064  0.820657  0.05987  0.683334  0.480754  -0.549481  0.10391  -0.649529  0.743989  -0.156819  0.3022
0.334436  0.464756  0.819851  0.0596  0.683821  0.478949  -0.550452  0.10368  -0.648492  0.744721  -0.157632  0.30191
0.33546  0.465452  0.819037  0.05948  0.6843  0.477137  -0.551428  0.10346  -0.647456  0.745449  -0.158448  0.30161
0.336489  0.466143  0.818221  0.05928  0.684781  0.475317  -0.552402  0.10323  -0.646413  0.74618  -0.159267  0.30131
0.337524  0.466838  0.817398  0.05907  0.68532  0.473416  -0.553366  0.10301  -0.645302  0.746954  -0.160144  0.301
0.338555  0.467524  0.816579  0.0588  0.685793  0.471592  -0.554336  0.10279  -0.644258  0.747678  -0.160966  0.3007
0.339581  0.468212  0.815759  0.0586  0.686259  0.469773  -0.555303  0.10257  -0.643221  0.748392  -0.161789  0.3004
0.340612  0.468894  0.814937  0.05847  0.686725  0.467946  -0.556269  0.10235  -0.642177  0.74911  -0.162613  0.30009
0.341654  0.469587  0.814101  0.05827  0.687246  0.466033  -0.557231  0.10214  -0.641066  0.749868  -0.1635  0.29978
0.342691  0.470271  0.81327  0.05807  0.687702  0.464197  -0.5582  0.10192  -0.640023  0.750578  -0.16433  0.29947
0.343724  0.470946  0.812443  0.05787  0.688221  0.462289  -0.559143  0.10171  -0.638909  0.751331  -0.165215  0.29916
0.344763  0.471625  0.811608  0.05766  0.68867  0.46045  -0.560107  0.10149  -0.637866  0.752034  -0.166048  0.29885
0.345802  0.472303  0.810772  0.05746  0.689178  0.458534  -0.561053  0.10128  -0.636753  0.752779  -0.166939  0.29853
0.346855  0.472987  0.809923  0.05725  0.689617  0.456675  -0.562028  0.10107  -0.635704  0.753479  -0.16778  0.29821
0.347891  0.473653  0.809089  0.05705  0.690122  0.45476  -0.562961  0.10086  -0.63459  0.754219  -0.168672  0.2979
0.348936  0.47433  0.808242  0.05684  0.690552  0.45291  -0.563924  0.10066  -0.633547  0.754906  -0.169513  0.29758
0.349981  0.474995  0.807399  0.05664  0.69105  0.450979  -0.56486  0.10045  -0.632426  0.755644  -0.170411  0.29726
0.351042  0.475677  0.806537  0.05643  0.691534  0.449034  -0.565817  0.10024  -0.631308  0.756373  -0.171317  0.29694
0.352084  0.47634  0.80569  0.05622  0.69202  0.447107  -0.566749  0.10004  -0.630195  0.757097  -0.172218  0.29662
0.353131  0.477008  0.804837  0.05602  0.692435  0.445249  -0.567703  0.099836  -0.629152  0.757771  -0.173066  0.2963
0.354183  0.47767  0.803981  0.05581  0.692915  0.443307  -0.568637  0.099635  -0.628032  0.758492  -0.173973  0.29598
0.355241  0.478336  0.803118  0.0556  0.693387  0.441359  -0.569576  0.099433  -0.626912  0.759208  -0.174883  0.29565
0.356294  0.479004  0.802253  0.05539  0.69385  0.439416  -0.570514  0.099234  -0.625801  0.759914  -0.175795  0.29532
0.357343  0.479662  0.801393  0.05518  0.694313  0.437475  -0.571441  0.099036  -0.624688  0.760618  -0.176707  0.295
0.358402  0.480321  0.800525  0.05497  0.694773  0.435522  -0.572373  0.098839  -0.623569  0.761323  -0.177623  0.29467
0.359461  0.480978  0.799655  0.05476  0.69523  0.433566  -0.573303  0.098643  -0.622449  0.762024  -0.17854  0.29434
0.360521  0.481642  0.798777  0.05455  0.695674  0.431612  -0.574237  0.098448  -0.621339  0.762714  -0.179461  0.294
0.361567  0.482285  0.797916  0.05434  0.696125  0.429669  -0.575147  0.098256  -0.620225  0.763404  -0.180377  0.29368
0.362628  0.482945  0.797035  0.05412  0.696624  0.427634  -0.576059  0.098063  -0.619044  0.764129  -0.181359  0.29334
0.363679  0.48359  0.796165  0.05391  0.697064  0.425683  -0.576971  0.097872  -0.617931  0.76481  -0.182281  0.29301
0.364746  0.484251  0.795274  0.0537  0.697489  0.423717  -0.577903  0.097682  -0.616822  0.765483  -0.183211  0.29267
0.365798  0.484901  0.794394  0.05348  0.697914  0.421765  -0.578818  0.097494  -0.615718  0.766149  -0.184138  0.29234
0.366856  0.485545  0.793513  0.05327  0.6984  0.419728  -0.579712  0.097307  -0.614536  0.76686  -0.185125  0.292
0.367909  0.486191  0.79263  0.053  0.698816  0.417773  -0.580622  0.097122  -0.613432  0.767518  -0.186055  0.29166
0.368972  0.486846  0.791733  0.05284  0.699222  0.415807  -0.581544  0.096937  -0.61233  0.76817  -0.186992  0.29132
0.370026  0.487487  0.790846  0.05262  0.699692  0.413772  -0.58243  0.096754  -0.611157  0.768862  -0.187984  0.29098
0.3711  0.488071  0.789982  0.05243  0.699961  0.412005  -0.583358  0.096532  -0.610197  0.769441  -0.188735  0.29072
0.37217  0.488656  0.789117  0.05224  0.700222  0.410244  -0.584285  0.096309  -0.609245  0.77001  -0.189487  0.29046
0.373254  0.489247  0.788238  0.05205  0.700538  0.408388  -0.585206  0.096085  -0.608217  0.770621  -0.190303  0.2902
0.374344  0.489832  0.787357  0.05186  0.700793  0.406602  -0.586144  0.095861  -0.607252  0.771194  -0.191062  0.28994
0.37542  0.490416  0.786481  0.05167  0.70104  0.404832  -0.587072  0.095638  -0.606302  0.771753  -0.191819  0.28967
0.376496  0.490997  0.785603  0.05148  0.701345  0.402984  -0.587979  0.095418  -0.605282  0.77235  -0.192636  0.28941
0.377578  0.491583  0.784717  0.05128  0.701581  0.401208  -0.588911  0.095197  -0.604333  0.772903  -0.193398  0.28914
0.378655  0.492159  0.783836  0.05109  0.701879  0.399357  -0.589814  0.094977  -0.603313  0.773494  -0.194217  0.28887
0.379723  0.492731  0.78296  0.0509  0.702112  0.397595  -0.590726  0.094759  -0.60237  0.774038  -0.194976  0.28861
0.380786  0.493304  0.782082  0.05071  0.702397  0.39576  -0.591618  0.094542  -0.601365  0.774612  -0.195796  0.28834
0.381855  0.493872  0.781203  0.05051  0.702684  0.393918  -0.592507  0.094325  -0.600352  0.77519  -0.196616  0.28807
0.382934  0.494449  0.780309  0.05032  0.702899  0.392142  -0.593429  0.094107  -0.599412  0.775722  -0.197383  0.2878
0.384008  0.495017  0.77942  0.05012  0.703175  0.390292  -0.594321  0.093889  -0.598401  0.776292  -0.198208  0.28753
0.385082  0.495583  0.77853  0.04993  0.703446  0.388441  -0.595211  0.093674  -0.59739  0.776859  -0.199034  0.28726
0.386147  0.496155  0.777638  0.04973  0.703707  0.386603  -0.596099  0.09346  -0.596395  0.777412  -0.199862  0.28698
0.387218  0.49672  0.776744  0.04954  0.703968  0.384757  -0.596985  0.093245  -0.595392  0.777966  -0.20069  0.28671
0.388284  0.497276  0.775856  0.04934  0.704229  0.382914  -0.597862  0.093032  -0.594388  0.77852  -0.201517  0.28643
0.389335  0.497832  0.774972  0.04915  0.704423  0.381166  -0.598749  0.092821  -0.59347  0.779022  -0.202283  0.28616
0.390387  0.498386  0.774086  0.0489  0.704673  0.37934  -0.599614  0.092611  -0.592481  0.779559  -0.20311  0.28588
0.391454  0.498946  0.773186  0.04876  0.704975  0.377417  -0.600471  0.0924  -0.591417  0.780134  -0.204003  0.28561
0.392516  0.499497  0.772291  0.04856  0.705218  0.375577  -0.601339  0.092189  -0.590422  0.780669  -0.204835  0.28533
0.393579  0.500046  0.771395  0.0483  0.705458  0.373735  -0.602205  0.091979  -0.589427  0.781202  -0.205667  0.28505
0.394632  0.5006  0.770497  0.04817  0.705687  0.371906  -0.603069  0.091771  -0.588449  0.781719  -0.206501  0.28477
0.39569  0.501148  0.769597  0.04797  0.705916  0.370069  -0.60393  0.091563  -0.587463  0.78224  -0.207336  0.28448
0.396753  0.5017  0.76869  0.04777  0.706196  0.368148  -0.604776  0.091355  -0.586408  0.782793  -0.208235  0.2842
0.397802  0.502242  0.767793  0.04758  0.706418  0.36632  -0.605626  0.09115  -0.585429  0.783303  -0.20907  0.28392
0.398837  0.502773  0.766909  0.04738  0.706641  0.364508  -0.606459  0.090946  -0.584455  0.783807  -0.209901  0.28364
0.399881  0.503314  0.766009  0.04718  0.706852  0.362685  -0.607305  0.090743  -0.583485  0.784305  -0.210738  0.28336
0.400931  0.503858  0.765102  0.0469  0.707115  0.360778  -0.608135  0.090539  -0.582446  0.784835  -0.211639  0.28307
0.401981  0.504391  0.7642  0.04679  0.707323  0.358946  -0.608976  0.090335  -0.581468  0.785333  -0.212478  0.28279
0.403026  0.504925  0.763296  0.04659  0.707583  0.357041  -0.609794  0.090132  -0.580428  0.785858  -0.213379  0.2825
0.404066  0.505461  0.762391  0.04639  0.707777  0.355221  -0.61063  0.089932  -0.579467  0.786338  -0.21422  0.28221
0.405112  0.50599  0.761484  0.04619  0.708029  0.353314  -0.611444  0.089731  -0.578428  0.786856  -0.215124  0.28192
0.406153  0.506521  0.760576  0.04599  0.708275  0.351414  -0.612255  0.089531  -0.577397  0.787366  -0.216029  0.28163
0.407179  0.507043  0.759679  0.04579  0.708463  0.349607  -0.61307  0.089334  -0.576442  0.787834  -0.216868  0.28135
0.408206  0.507562  0.758781  0.0456  0.708705  0.347721  -0.613862  0.089138  -0.575417  0.788335  -0.21777  0.28106
0.409238  0.508084  0.757875  0.0454  0.708941  0.345828  -0.614659  0.088941  -0.574393  0.78883  -0.218676  0.28077
0.410269  0.508605  0.756968  0.0452  0.709115  0.344014  -0.615476  0.088744  -0.573441  0.789288  -0.219521  0.28047
0.411306  0.509129  0.756052  0.045  0.709339  0.342115  -0.616275  0.088547  -0.57242  0.789775  -0.220432  0.28018
0.412333  0.50964  0.755148  0.0448  0.709568  0.340224  -0.617058  0.088353  -0.571397  0.790263  -0.221338  0.27989
0.413356  0.510162  0.754236  0.0446  0.709783  0.338341  -0.617846  0.08816  -0.570391  0.790734  -0.222249  0.27959
0.414378  0.510672  0.753329  0.0444  0.710001  0.336456  -0.618624  0.087967  -0.569376  0.791209  -0.223158  0.2793
0.415401  0.51118  0.752421  0.0442  0.710216  0.334569  -0.6194  0.087775  -0.568361  0.791681  -0.224068  0.279
0.416414  0.511684  0.751518  0.044  0.710429  0.332693  -0.620166  0.087585  -0.567354  0.792146  -0.224976  0.27871
0.417422  0.51219  0.750613  0.0438  0.710634  0.330824  -0.620931  0.087397  -0.566355  0.792602  -0.225886  0.27842
0.418436  0.512689  0.749708  0.0436  0.71084  0.328946  -0.621693  0.087207  -0.565348  0.79306  -0.226797  0.27812
0.419454  0.513193  0.748794  0.0434  0.711038  0.327062  -0.622459  0.087017  -0.564343  0.793514  -0.227712  0.27782
0.420467  0.513698  0.747878  0.0432  0.711229  0.325185  -0.623224  0.086828  -0.563347  0.793958  -0.228628  0.27752
0.421471  0.51419  0.746975  0.043  0.711426  0.323316  -0.623972  0.086642  -0.562348  0.794403  -0.229539  0.27722
0.42248  0.514685  0.746063  0.0428  0.711614  0.321441  -0.624724  0.086457  -0.561352  0.794843  -0.230455  0.27692
0.423483  0.515182  0.74515  0.0426  0.711797  0.319573  -0.625475  0.086271  -0.560363  0.795274  -0.231371  0.27662
0.424482  0.515672  0.744243  0.0424  0.712036  0.317629  -0.626192  0.086087  -0.559303  0.795735  -0.232349  0.27632
0.425472  0.516158  0.74334  0.0422  0.712216  0.315775  -0.626924  0.085905  -0.558321  0.796157  -0.233263  0.27602
0.426466  0.516638  0.742436  0.042  0.712397  0.313914  -0.627654  0.085723  -0.557331  0.796582  -0.234177  0.27572
0.42746  0.517126  0.741525  0.0418  0.712567  0.312054  -0.628388  0.08554  -0.556351  0.796997  -0.235096  0.27542
0.42846  0.517607  0.740612  0.0416  0.712792  0.310106  -0.629096  0.085357  -0.555292  0.797444  -0.236078  0.27512
0.429454  0.51809  0.739697  0.0414  0.712956  0.308244  -0.629825  0.085177  -0.554314  0.797852  -0.236999  0.27481
0.430438  0.51857  0.738788  0.0412  0.713117  0.306393  -0.630545  0.084998  -0.553342  0.798253  -0.237918  0.27451
0.431423  0.519048  0.737877  0.04  0.71333  0.304462  -0.631239  0.08482  -0.552299  0.798681  -0.238901  0.2742
0.432403  0.519519  0.736972  0.04079  0.713489  0.302614  -0.631948  0.084641  -0.551327  0.799078  -0.23982  0.2739
0.433377  0.519991  0.736066  0.04  0.713697  0.300693  -0.63263  0.084465  -0.550292  0.799495  -0.240803  0.27359
0.434347  0.520456  0.735165  0.0404  0.71385  0.298855  -0.633327  0.084291  -0.549327  0.799882  -0.241721  0.27329
0.435322  0.520925  0.734256  0.04  0.714051  0.296932  -0.634005  0.084116  -0.548293  0.800293  -0.242706  0.27298
0.436297  0.521392  0.733346  -1.39888e-13  0.714194  0.295089  -0.634704  0.083941  -0.547331  0.800671  -0.243629  0.27267
0.437272  0.521856  0.732434  0.03979  0.714389  0.293164  -0.635377  0.083766  -0.546299  0.801075  -0.244616  0.27236
0.438236  0.522318  0.731528  0.03959  0.714581  0.29125  -0.63604  0.083593  -0.545273  0.801472  -0.245602  0.27205
0.439196  0.522782  0.73062  0.03939  0.714713  0.289423  -0.636725  0.083422  -0.544327  0.801831  -0.246526  0.27174
0.440161  0.523239  0.729712  0.03919  0.714899  0.287508  -0.637384  0.083251  -0.543302  0.802222  -0.247514  0.27143
0.441126  0.523695  0.728802  0.03899  0.715082  0.285592  -0.63804  0.08308  -0.542278  0.802609  -0.248503  0.27112
0.442071  0.524146  0.727904  0.03879  0.71521  0.28378  -0.638705  0.082912  -0.541339  0.802957  -0.249424  0.27082
0.443026  0.524597  0.726998  0.038  0.715388  0.281874  -0.639349  0.082744  -0.540322  0.803334  -0.250413  0.27051
0.443981  0.525046  0.726091  0.038  0.715563  0.279968  -0.639991  0.082576  -0.539306  0.803707  -0.251403  0.27019
0.444935  0.525492  0.725183  0.03819  0.715734  0.27806  -0.64063  0.082407  -0.538291  0.804077  -0.252394  0.26988
0.445885  0.525942  0.724273  0.03799  0.7159  0.27616  -0.641267  0.08224  -0.537284  0.804438  -0.253386  0.26957
0.44683  0.526383  0.72337  0.03779  0.716012  0.274344  -0.64192  0.082074  -0.536348  0.804771  -0.254312  0.26926
0.447775  0.526823  0.722464  0.03759  0.716176  0.272446  -0.642546  0.08191  -0.535341  0.805127  -0.255304  0.26894
0.448719  0.527272  0.721551  0.03739  0.716329  0.270551  -0.643176  0.081745  -0.534344  0.805473  -0.256299  0.26863
0.449654  0.527707  0.72065  0.037  0.716488  0.268664  -0.64379  0.081582  -0.533345  0.80582  -0.25729  0.26831
0.450589  0.52814  0.719749  0.037  0.716643  0.266776  -0.644401  0.08142  -0.532346  0.806163  -0.258282  0.268
0.451523  0.528572  0.718845  0.0368  0.716796  0.264888  -0.64501  0.081259  -0.531348  0.806502  -0.259275  0.26768
0.452453  0.529006  0.717941  0.0366  0.716943  0.263007  -0.645617  0.081097  -0.530358  0.806834  -0.260269  0.26737
0.453387  0.529434  0.717036  0.0364  0.717089  0.261117  -0.646221  0.080935  -0.529361  0.807167  -0.261264  0.26705
0.454322  0.52986  0.716129  0.0362  0.717232  0.259227  -0.646822  0.080774  -0.528365  0.807496  -0.26226  0.26673
0.455246  0.530293  0.715221  0.036  0.717367  0.25735  -0.647422  0.080615  -0.527385  0.807812  -0.263257  0.26642
0.45617  0.530714  0.714319  0.0358  0.717506  0.255471  -0.648012  0.080457  -0.526397  0.808132  -0.264253  0.2661
0.457099  0.531139  0.713408  0.0356  0.717638  0.253586  -0.648606  0.080298  -0.525411  0.808446  -0.265252  0.26578
0.458013  0.531556  0.712511  0.0354  0.717772  0.251717  -0.649185  0.080142  -0.52443  0.808756  -0.266247  0.26546
0.458928  0.531972  0.711612  0.0352  0.717904  0.249848  -0.649761  0.079987  -0.52345  0.809062  -0.267242  0.26514
0.459842  0.532385  0.710712  0.035  0.718085  0.247897  -0.650309  0.079831  -0.522398  0.809391  -0.268304  0.26482
0.460755  0.532807  0.709804  0.0348  0.718204  0.246029  -0.650887  0.079675  -0.521429  0.809683  -0.269305  0.2645
0.461674  0.533222  0.708895  0.0346  0.718322  0.244153  -0.651462  0.07952  -0.520453  0.809978  -0.270306  0.26418
0.462587  0.53363  0.707991  0.03441  0.718442  0.242281  -0.652029  0.079366  -0.519475  0.810271  -0.271306  0.26386
0.463491  0.534036  0.707094  0.03421  0.718612  0.24034  -0.652559  0.079213  -0.518433  0.810582  -0.272369  0.26354
0.464399  0.534445  0.706188  0.03401  0.718723  0.238475  -0.653121  0.07906  -0.517465  0.810863  -0.273371  0.26322
0.465308  0.534852  0.705281  0.03381  0.718832  0.236608  -0.65368  0.078908  -0.516498  0.811141  -0.274373  0.2629
0.466201  0.535252  0.704388  0.03361  0.718943  0.234759  -0.654224  0.078758  -0.515536  0.811415  -0.275371  0.26257
0.467099  0.535655  0.703486  0.03341  0.719099  0.232822  -0.654744  0.078608  -0.514504  0.811706  -0.276438  0.26225
0.467997  0.536057  0.702582  0.03321  0.719201  0.230966  -0.65529  0.078457  -0.513545  0.811971  -0.277441  0.26193
0.4689  0.536452  0.701678  0.033  0.719302  0.229103  -0.655833  0.078307  -0.512579  0.812238  -0.278445  0.2616
0.469797  0.53685  0.700773  0.03282  0.719449  0.227165  -0.656345  0.078157  -0.51155  0.81252  -0.279515  0.26128
0.470685  0.537246  0.699873  0.03262  0.719544  0.22532  -0.656877  0.07801  -0.5106  0.812772  -0.280518  0.26096
0.471577  0.537635  0.698973  0.03242  0.71969  0.223386  -0.657378  0.077862  -0.50957  0.813048  -0.281587  0.26063
0.472469  0.538033  0.698064  0.03222  0.719775  0.221534  -0.657911  0.077715  -0.508623  0.813291  -0.282594  0.2603
0.473351  0.538419  0.697168  0.03202  0.719865  0.219693  -0.658429  0.077569  -0.507673  0.813536  -0.283597  0.25998
0.474234  0.538803  0.696272  0.03183  0.720004  0.217769  -0.658916  0.077424  -0.506652  0.813799  -0.284667  0.25966
0.47511  0.539189  0.695374  0.03163  0.720087  0.215934  -0.659429  0.077279  -0.505712  0.814032  -0.285671  0.25933
0.475997  0.539575  0.694468  0.03143  0.720216  0.214004  -0.659918  0.077134  -0.504694  0.814286  -0.286745  0.259
0.476883  0.539959  0.693561  0.03123  0.720291  0.212155  -0.660432  0.076989  -0.503749  0.814515  -0.287754  0.25867
0.477765  0.540336  0.69266  0.03104  0.720418  0.21023  -0.660909  0.076846  -0.502731  0.814764  -0.288828  0.25835
0.478631  0.540716  0.691765  0.03084  0.720492  0.208405  -0.661406  0.076704  -0.5018  0.814981  -0.289833  0.25802
0.479502  0.54109  0.690869  0.03064  0.720616  0.20649  -0.661872  0.076562  -0.50079  0.81522  -0.290905  0.25769
0.480378  0.541467  0.689964  0.03044  0.720682  0.204652  -0.66237  0.07642  -0.499854  0.815433  -0.291915  0.25736
0.481244  0.541832  0.689074  0.03025  0.720804  0.202742  -0.662825  0.07628  -0.498844  0.815668  -0.292986  0.25703
0.48211  0.542205  0.688174  0.03005  0.720917  0.200834  -0.663283  0.076141  -0.497844  0.815892  -0.294061  0.2567
0.48297  0.542572  0.687282  0.0298  0.720982  0.199011  -0.663761  0.076001  -0.496915  0.816095  -0.295068  0.25638
0.483835  0.542942  0.68638  0.02966  0.72109  0.197102  -0.664214  0.075861  -0.495917  0.816312  -0.296145  0.25604
0.484705  0.543305  0.685478  0.02946  0.721147  0.195267  -0.664694  0.075722  -0.494983  0.816511  -0.297156  0.25571
0.48556  0.543672  0.684582  0.02926  0.721251  0.193369  -0.665136  0.075585  -0.493993  0.816719  -0.298232  0.25538
0.48642  0.544032  0.683685  0.02907  0.721354  0.191464  -0.665575  0.075448  -0.492995  0.816928  -0.299308  0.25505
0.487279  0.544391  0.682787  0.02887  0.721455  0.189558  -0.666011  0.075311  -0.491998  0.817133  -0.300386  0.25472
0.488133  0.544753  0.681887  0.0286  0.721502  0.18774  -0.666475  0.075175  -0.491082  0.817312  -0.301397  0.25439
0.488978  0.545103  0.681002  0.02848  0.721604  0.185851  -0.666894  0.075041  -0.490091  0.81751  -0.302471  0.25406
0.489822  0.545461  0.680108  0.0282  0.721697  0.183964  -0.667317  0.074907  -0.48911  0.817698  -0.303548  0.25373
0.49067  0.545813  0.679213  0.02809  0.72174  0.18215  -0.667767  0.074773  -0.488195  0.817869  -0.304559  0.2534
0.491519  0.546164  0.678317  0.02789  0.721829  0.180255  -0.668185  0.074638  -0.487208  0.818055  -0.305638  0.25306
0.492362  0.546518  0.67742  0.0277  0.721914  0.178366  -0.6686  0.074505  -0.486231  0.818232  -0.306718  0.25273
0.493206  0.54686  0.67653  0.0275  0.722002  0.176475  -0.669006  0.074373  -0.485243  0.818414  -0.307796  0.2524
0.494044  0.547206  0.675638  0.02731  0.722086  0.174591  -0.66941  0.074241  -0.484265  0.818587  -0.308874  0.25206
0.494886  0.547555  0.674738  0.02711  0.722114  0.172783  -0.669849  0.07411  -0.483362  0.818737  -0.309889  0.25173
0.495713  0.547897  0.673852  0.02692  0.722195  0.170911  -0.670241  0.07398  -0.482392  0.8189  -0.310966  0.25139
0.496541  0.548239  0.672965  0.02672  0.722274  0.169038  -0.670631  0.073852  -0.481423  0.819061  -0.312044  0.25106
0.497368  0.548578  0.672077  0.02653  0.72235  0.167165  -0.671019  0.073723  -0.480454  0.819218  -0.313123  0.25073
0.4982  0.548911  0.671188  0.0263  0.722425  0.165284  -0.671404  0.073594  -0.479478  0.819376  -0.314203  0.25039
0.499027  0.549248  0.670298  0.02614  0.722495  0.16341  -0.671787  0.073465  -0.478511  0.819527  -0.315283  0.25006
0.499853  0.549583  0.669407  0.02595  0.722515  0.161618  -0.672199  0.073338  -0.477617  0.819657  -0.316297  0.24972
0.500669  0.549917  0.668522  0.02575  0.722584  0.159756  -0.67257  0.073212  -0.476658  0.819799  -0.317376  0.24938
0.501491  0.550244  0.667637  0.02556  0.722651  0.157887  -0.672939  0.073085  -0.475692  0.819941  -0.318455  0.24905
0.502306  0.550574  0.66675  0.02537  0.722714  0.156024  -0.673306  0.07296  -0.474734  0.820076  -0.319536  0.24871
0.503122  0.550904  0.665863  0.02517  0.722775  0.154162  -0.67367  0.072836  -0.473778  0.820207  -0.320617  0.24838
0.503928  0.551222  0.66499  0.02498  0.722842  0.152309  -0.674019  0.072713  -0.472818  0.820339  -0.321693  0.24804
0.504737  0.551553  0.6641  0.02479  0.722895  0.150453  -0.674378  0.07259  -0.471871  0.820459  -0.322776  0.2477
0.505548  0.551873  0.663218  0.0246  0.722953  0.148595  -0.674729  0.072466  -0.470915  0.820583  -0.323856  0.24737
0.506358  0.552192  0.662334  0.0244  0.723007  0.146736  -0.675077  0.072343  -0.46996  0.820703  -0.324938  0.24703
0.507157  0.552509  0.661457  0.02421  0.723063  0.14489  -0.675417  0.072221  -0.469012  0.820817  -0.326017  0.24669
0.507961  0.552829  0.660572  0.02402  0.723111  0.143038  -0.67576  0.072101  -0.468067  0.820926  -0.327099  0.24635
0.50876  0.553144  0.659693  0.02383  0.723161  0.141191  -0.676094  0.07198  -0.46712  0.821034  -0.32818  0.24601
0.509549  0.553457  0.658821  0.02364  0.723212  0.139356  -0.67642  0.07186  -0.466181  0.821136  -0.329258  0.24568
0.510338  0.553769  0.657948  0.02345  0.72326  0.137521  -0.676744  0.071742  -0.465242  0.821236  -0.330337  0.24534
0.511126  0.55408  0.657074  0.02326  0.723306  0.135686  -0.677065  0.071625  -0.464304  0.821331  -0.331416  0.245
0.511915  0.554389  0.656199  0.023  0.723349  0.133851  -0.677384  0.071507  -0.463367  0.821424  -0.332496  0.24466
