0.676786  0.244266  0.694475  0.08296  0.665501  0.20033  -0.719011  0.037147  -0.314754  0.94879  -0.0269782  0.25123
0.676786  0.244266  0.694475  0.08296  0.665501  0.20033  -0.719011  0.037147  -0.314754  0.94879  -0.0269782  0.25123
0.676786  0.244266  0.694475  0.08296  0.665501  0.20033  -0.719011  0.037147  -0.314754  0.94879  -0.0269782  0.25123
0.676786  0.244266  0.694475  0.08296  0.665501  0.20033  -0.719011  0.037147  -0.314754  0.94879  -0.0269782  0.25123
0.676786  0.244266  0.694475  0.08296  0.665501  0.20033  -0.719011  0.037147  -0.314754  0.94879  -0.0269782  0.25123
0.676786  0.244266  0.694475  0.08296  0.665501  0.20033  -0.719011  0.037147  -0.314754  0.94879  -0.0269782  0.25123
0.676786  0.244266  0.694475  0.08296  0.665501  0.20033  -0.719011  0.037147  -0.314754  0.94879  -0.0269782  0.25123
0.676786  0.244266  0.694475  0.08296  0.665501  0.20033  -0.719011  0.037147  -0.314754  0.94879  -0.0269782  0.25123
0.677074  0.244347  0.694166  0.0829  0.665342  0.199826  -0.719298  0.037089  -0.31447  0.948875  -0.0272771  0.25117
0.677074  0.244347  0.694166  0.0829  0.665342  0.199826  -0.719298  0.037089  -0.31447  0.948875  -0.0272771  0.25117
0.677074  0.244347  0.694166  0.0829  0.665342  0.199826  -0.719298  0.037089  -0.31447  0.948875  -0.0272771  0.25117
0.677074  0.244347  0.694166  0.0829  0.665342  0.199826  -0.719298  0.037089  -0.31447  0.948875  -0.0272771  0.25117
0.677074  0.244347  0.694166  0.0829  0.665342  0.199826  -0.719298  0.037089  -0.31447  0.948875  -0.0272771  0.25117
0.677074  0.244347  0.694166  0.0829  0.665342  0.199826  -0.719298  0.037089  -0.31447  0.948875  -0.0272771  0.25117
0.677074  0.244347  0.694166  0.0829  0.665342  0.199826  -0.719298  0.037089  -0.31447  0.948875  -0.0272771  0.25117
0.677074  0.244347  0.694166  0.0829  0.665342  0.199826  -0.719298  0.037089  -0.31447  0.948875  -0.0272771  0.25117
0.676779  0.244263  0.694482  0.08296  0.665507  0.200333  -0.719004  0.037148  -0.314754  0.94879  -0.0269779  0.25124
0.676779  0.244263  0.694482  0.08296  0.665507  0.200333  -0.719004  0.037148  -0.314754  0.94879  -0.0269779  0.25124
0.676779  0.244263  0.694482  0.08296  0.665507  0.200333  -0.719004  0.037148  -0.314754  0.94879  -0.0269779  0.25124
0.676779  0.244263  0.694482  0.08296  0.665507  0.200333  -0.719004  0.037148  -0.314754  0.94879  -0.0269779  0.25124
0.676779  0.244263  0.694482  0.08296  0.665507  0.200333  -0.719004  0.037148  -0.314754  0.94879  -0.0269779  0.25124
0.676779  0.244263  0.694482  0.08296  0.665507  0.200333  -0.719004  0.037148  -0.314754  0.94879  -0.0269779  0.25124
0.676779  0.244263  0.694482  0.08296  0.665507  0.200333  -0.719004  0.037148  -0.314754  0.94879  -0.0269779  0.25124
0.676779  0.244263  0.694482  0.08296  0.665507  0.200333  -0.719004  0.037148  -0.314754  0.94879  -0.0269779  0.25124
0.677067  0.244344  0.694173  0.0829  0.665348  0.199828  -0.719291  0.03709  -0.31447  0.948875  -0.0272769  0.25117
0.677067  0.244344  0.694173  0.0829  0.665348  0.199828  -0.719291  0.03709  -0.31447  0.948875  -0.0272769  0.25117
0.677067  0.244344  0.694173  0.0829  0.665348  0.199828  -0.719291  0.03709  -0.31447  0.948875  -0.0272769  0.25117
0.677067  0.244344  0.694173  0.0829  0.665348  0.199828  -0.719291  0.03709  -0.31447  0.948875  -0.0272769  0.25117
0.677067  0.244344  0.694173  0.0829  0.665348  0.199828  -0.719291  0.03709  -0.31447  0.948875  -0.0272769  0.25117
0.677067  0.244344  0.694173  0.0829  0.665348  0.199828  -0.719291  0.03709  -0.31447  0.948875  -0.0272769  0.25117
0.677067  0.244344  0.694173  0.0829  0.665348  0.199828  -0.719291  0.03709  -0.31447  0.948875  -0.0272769  0.25117
0.677067  0.244344  0.694173  0.0829  0.665348  0.199828  -0.719291  0.03709  -0.31447  0.948875  -0.0272769  0.25117
0.677911  0.244603  0.693258  0.08271  0.664846  0.198434  -0.720141  0.036919  -0.313715  0.949101  -0.0281024  0.25099
0.677911  0.244603  0.693258  0.08271  0.664846  0.198434  -0.720141  0.036919  -0.313715  0.949101  -0.0281024  0.25099
0.677911  0.244603  0.693258  0.08271  0.664846  0.198434  -0.720141  0.036919  -0.313715  0.949101  -0.0281024  0.25099
0.677911  0.244603  0.693258  0.08271  0.664846  0.198434  -0.720141  0.036919  -0.313715  0.949101  -0.0281024  0.25099
0.677911  0.244603  0.693258  0.08271  0.664846  0.198434  -0.720141  0.036919  -0.313715  0.949101  -0.0281024  0.25099
0.677911  0.244603  0.693258  0.08271  0.664846  0.198434  -0.720141  0.036919  -0.313715  0.949101  -0.0281024  0.25099
0.677911  0.244603  0.693258  0.08271  0.664846  0.198434  -0.720141  0.036919  -0.313715  0.949101  -0.0281024  0.25099
0.677911  0.244603  0.693258  0.08271  0.664846  0.198434  -0.720141  0.036919  -0.313715  0.949101  -0.0281024  0.25099
0.678468  0.244773  0.692652  0.08259  0.664535  0.197443  -0.7207  0.036805  -0.313167  0.949264  -0.0287017  0.25087
0.678468  0.244773  0.692652  0.08259  0.664535  0.197443  -0.7207  0.036805  -0.313167  0.949264  -0.0287017  0.25087
0.678468  0.244773  0.692652  0.08259  0.664535  0.197443  -0.7207  0.036805  -0.313167  0.949264  -0.0287017  0.25087
0.678468  0.244773  0.692652  0.08259  0.664535  0.197443  -0.7207  0.036805  -0.313167  0.949264  -0.0287017  0.25087
0.678468  0.244773  0.692652  0.08259  0.664535  0.197443  -0.7207  0.036805  -0.313167  0.949264  -0.0287017  0.25087
0.678468  0.244773  0.692652  0.08259  0.664535  0.197443  -0.7207  0.036805  -0.313167  0.949264  -0.0287017  0.25087
0.678468  0.244773  0.692652  0.08259  0.664535  0.197443  -0.7207  0.036805  -0.313167  0.949264  -0.0287017  0.25087
0.678468  0.244773  0.692652  0.08259  0.664535  0.197443  -0.7207  0.036805  -0.313167  0.949264  -0.0287017  0.25087
0.679221  0.244991  0.691837  0.08242  0.664127  0.196076  -0.72145  0.036653  -0.312401  0.949491  -0.0295264  0.25071
0.679221  0.244991  0.691837  0.08242  0.664127  0.196076  -0.72145  0.036653  -0.312401  0.949491  -0.0295264  0.25071
0.679221  0.244991  0.691837  0.08242  0.664127  0.196076  -0.72145  0.036653  -0.312401  0.949491  -0.0295264  0.25071
0.679221  0.244991  0.691837  0.08242  0.664127  0.196076  -0.72145  0.036653  -0.312401  0.949491  -0.0295264  0.25071
0.679221  0.244991  0.691837  0.08242  0.664127  0.196076  -0.72145  0.036653  -0.312401  0.949491  -0.0295264  0.25071
0.679221  0.244991  0.691837  0.08242  0.664127  0.196076  -0.72145  0.036653  -0.312401  0.949491  -0.0295264  0.25071
0.679221  0.244991  0.691837  0.08242  0.664127  0.196076  -0.72145  0.036653  -0.312401  0.949491  -0.0295264  0.25071
0.679221  0.244991  0.691837  0.08242  0.664127  0.196076  -0.72145  0.036653  -0.312401  0.949491  -0.0295264  0.25071
0.67999  0.245222  0.690999  0.08225  0.663694  0.194707  -0.722218  0.036497  -0.311647  0.949713  -0.0303537  0.25055
0.67999  0.245222  0.690999  0.08225  0.663694  0.194707  -0.722218  0.036497  -0.311647  0.949713  -0.0303537  0.25055
0.67999  0.245222  0.690999  0.08225  0.663694  0.194707  -0.722218  0.036497  -0.311647  0.949713  -0.0303537  0.25055
0.67999  0.245222  0.690999  0.08225  0.663694  0.194707  -0.722218  0.036497  -0.311647  0.949713  -0.0303537  0.25055
0.67999  0.245222  0.690999  0.08225  0.663694  0.194707  -0.722218  0.036497  -0.311647  0.949713  -0.0303537  0.25055
0.67999  0.245222  0.690999  0.08225  0.663694  0.194707  -0.722218  0.036497  -0.311647  0.949713  -0.0303537  0.25055
0.67999  0.245222  0.690999  0.08225  0.663694  0.194707  -0.722218  0.036497  -0.311647  0.949713  -0.0303537  0.25055
0.67999  0.245222  0.690999  0.08225  0.663694  0.194707  -0.722218  0.036497  -0.311647  0.949713  -0.0303537  0.25055
0.68049  0.245364  0.690457  0.08214  0.663412  0.193825  -0.722714  0.036396  -0.311156  0.949857  -0.0308813  0.25044
0.68049  0.245364  0.690457  0.08214  0.663412  0.193825  -0.722714  0.036396  -0.311156  0.949857  -0.0308813  0.25044
0.68049  0.245364  0.690457  0.08214  0.663412  0.193825  -0.722714  0.036396  -0.311156  0.949857  -0.0308813  0.25044
0.68049  0.245364  0.690457  0.08214  0.663412  0.193825  -0.722714  0.036396  -0.311156  0.949857  -0.0308813  0.25044
0.68049  0.245364  0.690457  0.08214  0.663412  0.193825  -0.722714  0.036396  -0.311156  0.949857  -0.0308813  0.25044
0.68049  0.245364  0.690457  0.08214  0.663412  0.193825  -0.722714  0.036396  -0.311156  0.949857  -0.0308813  0.25044
0.68049  0.245364  0.690457  0.08214  0.663412  0.193825  -0.722714  0.036396  -0.311156  0.949857  -0.0308813  0.25044
0.68049  0.245364  0.690457  0.08214  0.663412  0.193825  -0.722714  0.036396  -0.311156  0.949857  -0.0308813  0.25044
0.680973  0.245508  0.689928  0.08204  0.66311  0.19305  -0.723199  0.036298  -0.310742  0.949978  -0.0313368  0.25033
0.680973  0.245508  0.689928  0.08204  0.66311  0.19305  -0.723199  0.036298  -0.310742  0.949978  -0.0313368  0.25033
0.680973  0.245508  0.689928  0.08204  0.66311  0.19305  -0.723199  0.036298  -0.310742  0.949978  -0.0313368  0.25033
0.680973  0.245508  0.689928  0.08204  0.66311  0.19305  -0.723199  0.036298  -0.310742  0.949978  -0.0313368  0.25033
0.680973  0.245508  0.689928  0.08204  0.66311  0.19305  -0.723199  0.036298  -0.310742  0.949978  -0.0313368  0.25033
0.680973  0.245508  0.689928  0.08204  0.66311  0.19305  -0.723199  0.036298  -0.310742  0.949978  -0.0313368  0.25033
0.680973  0.245508  0.689928  0.08204  0.66311  0.19305  -0.723199  0.036298  -0.310742  0.949978  -0.0313368  0.25033
0.680973  0.245508  0.689928  0.08204  0.66311  0.19305  -0.723199  0.036298  -0.310742  0.949978  -0.0313368  0.25033
0.681669  0.245712  0.689168  0.08188  0.662717  0.191802  -0.723891  0.036158  -0.310053  0.950177  -0.032092  0.25018
0.681669  0.245712  0.689168  0.08188  0.662717  0.191802  -0.723891  0.036158  -0.310053  0.950177  -0.032092  0.25018
0.681669  0.245712  0.689168  0.08188  0.662717  0.191802  -0.723891  0.036158  -0.310053  0.950177  -0.032092  0.25018
0.681669  0.245712  0.689168  0.08188  0.662717  0.191802  -0.723891  0.036158  -0.310053  0.950177  -0.032092  0.25018
0.681669  0.245712  0.689168  0.08188  0.662717  0.191802  -0.723891  0.036158  -0.310053  0.950177  -0.032092  0.25018
0.681669  0.245712  0.689168  0.08188  0.662717  0.191802  -0.723891  0.036158  -0.310053  0.950177  -0.032092  0.25018
0.681669  0.245712  0.689168  0.08188  0.662717  0.191802  -0.723891  0.036158  -0.310053  0.950177  -0.032092  0.25018
0.681669  0.245712  0.689168  0.08188  0.662717  0.191802  -0.723891  0.036158  -0.310053  0.950177  -0.032092  0.25018
0.68228  0.245886  0.688501  0.0817  0.662381  0.190682  -0.724495  0.036036  -0.309428  0.950358  -0.0327721  0.25005
0.68228  0.245886  0.688501  0.0817  0.662381  0.190682  -0.724495  0.036036  -0.309428  0.950358  -0.0327721  0.25005
0.68228  0.245886  0.688501  0.0817  0.662381  0.190682  -0.724495  0.036036  -0.309428  0.950358  -0.0327721  0.25005
0.68228  0.245886  0.688501  0.0817  0.662381  0.190682  -0.724495  0.036036  -0.309428  0.950358  -0.0327721  0.25005
0.68228  0.245886  0.688501  0.0817  0.662381  0.190682  -0.724495  0.036036  -0.309428  0.950358  -0.0327721  0.25005
0.68228  0.245886  0.688501  0.0817  0.662381  0.190682  -0.724495  0.036036  -0.309428  0.950358  -0.0327721  0.25005
0.68228  0.245886  0.688501  0.0817  0.662381  0.190682  -0.724495  0.036036  -0.309428  0.950358  -0.0327721  0.25005
0.68228  0.245886  0.688501  0.0817  0.662381  0.190682  -0.724495  0.036036  -0.309428  0.950358  -0.0327721  0.25005
0.682951  0.246074  0.687768  0.081  0.661983  0.189532  -0.725159  0.035902  -0.308797  0.950539  -0.0334562  0.2499
0.682951  0.246074  0.687768  0.081  0.661983  0.189532  -0.725159  0.035902  -0.308797  0.950539  -0.0334562  0.2499
0.682951  0.246074  0.687768  0.081  0.661983  0.189532  -0.725159  0.035902  -0.308797  0.950539  -0.0334562  0.2499
0.682951  0.246074  0.687768  0.081  0.661983  0.189532  -0.725159  0.035902  -0.308797  0.950539  -0.0334562  0.2499
0.682951  0.246074  0.687768  0.081  0.661983  0.189532  -0.725159  0.035902  -0.308797  0.950539  -0.0334562  0.2499
0.682951  0.246074  0.687768  0.081  0.661983  0.189532  -0.725159  0.035902  -0.308797  0.950539  -0.0334562  0.2499
0.682951  0.246074  0.687768  0.081  0.661983  0.189532  -0.725159  0.035902  -0.308797  0.950539  -0.0334562  0.2499
0.682951  0.246074  0.687768  0.081  0.661983  0.189532  -0.725159  0.035902  -0.308797  0.950539  -0.0334562  0.2499
0.683686  0.246285  0.686962  0.08143  0.661547  0.188262  -0.725887  0.035755  -0.308104  0.950737  -0.0342173  0.24974
0.683686  0.246285  0.686962  0.08143  0.661547  0.188262  -0.725887  0.035755  -0.308104  0.950737  -0.0342173  0.24974
0.683686  0.246285  0.686962  0.08143  0.661547  0.188262  -0.725887  0.035755  -0.308104  0.950737  -0.0342173  0.24974
0.683686  0.246285  0.686962  0.08143  0.661547  0.188262  -0.725887  0.035755  -0.308104  0.950737  -0.0342173  0.24974
0.683686  0.246285  0.686962  0.08143  0.661547  0.188262  -0.725887  0.035755  -0.308104  0.950737  -0.0342173  0.24974
0.683686  0.246285  0.686962  0.08143  0.661547  0.188262  -0.725887  0.035755  -0.308104  0.950737  -0.0342173  0.24974
0.683686  0.246285  0.686962  0.08143  0.661547  0.188262  -0.725887  0.035755  -0.308104  0.950737  -0.0342173  0.24974
0.683686  0.246285  0.686962  0.08143  0.661547  0.188262  -0.725887  0.035755  -0.308104  0.950737  -0.0342173  0.24974
0.684276  0.246451  0.686315  0.0813  0.661228  0.187147  -0.726467  0.035638  -0.30748  0.950914  -0.0348999  0.24961
0.684276  0.246451  0.686315  0.0813  0.661228  0.187147  -0.726467  0.035638  -0.30748  0.950914  -0.0348999  0.24961
0.684276  0.246451  0.686315  0.0813  0.661228  0.187147  -0.726467  0.035638  -0.30748  0.950914  -0.0348999  0.24961
0.684276  0.246451  0.686315  0.0813  0.661228  0.187147  -0.726467  0.035638  -0.30748  0.950914  -0.0348999  0.24961
0.684276  0.246451  0.686315  0.0813  0.661228  0.187147  -0.726467  0.035638  -0.30748  0.950914  -0.0348999  0.24961
0.684276  0.246451  0.686315  0.0813  0.661228  0.187147  -0.726467  0.035638  -0.30748  0.950914  -0.0348999  0.24961
0.684276  0.246451  0.686315  0.0813  0.661228  0.187147  -0.726467  0.035638  -0.30748  0.950914  -0.0348999  0.24961
0.684276  0.246451  0.686315  0.0813  0.661228  0.187147  -0.726467  0.035638  -0.30748  0.950914  -0.0348999  0.24961
0.684811  0.246605  0.685726  0.08118  0.660898  0.186249  -0.726997  0.035531  -0.306997  0.951051  -0.0354355  0.2495
0.684811  0.246605  0.685726  0.08118  0.660898  0.186249  -0.726997  0.035531  -0.306997  0.951051  -0.0354355  0.2495
0.684811  0.246605  0.685726  0.08118  0.660898  0.186249  -0.726997  0.035531  -0.306997  0.951051  -0.0354355  0.2495
0.684811  0.246605  0.685726  0.08118  0.660898  0.186249  -0.726997  0.035531  -0.306997  0.951051  -0.0354355  0.2495
0.684811  0.246605  0.685726  0.08118  0.660898  0.186249  -0.726997  0.035531  -0.306997  0.951051  -0.0354355  0.2495
0.684811  0.246605  0.685726  0.08118  0.660898  0.186249  -0.726997  0.035531  -0.306997  0.951051  -0.0354355  0.2495
0.684811  0.246605  0.685726  0.08118  0.660898  0.186249  -0.726997  0.035531  -0.306997  0.951051  -0.0354355  0.2495
0.684811  0.246605  0.685726  0.08118  0.660898  0.186249  -0.726997  0.035531  -0.306997  0.951051  -0.0354355  0.2495
0.685469  0.24678  0.685005  0.08103  0.660512  0.185096  -0.727643  0.0354  -0.306359  0.95123  -0.0361234  0.24935
0.685469  0.24678  0.685005  0.08103  0.660512  0.185096  -0.727643  0.0354  -0.306359  0.95123  -0.0361234  0.24935
0.685469  0.24678  0.685005  0.08103  0.660512  0.185096  -0.727643  0.0354  -0.306359  0.95123  -0.0361234  0.24935
0.685469  0.24678  0.685005  0.08103  0.660512  0.185096  -0.727643  0.0354  -0.306359  0.95123  -0.0361234  0.24935
0.685469  0.24678  0.685005  0.08103  0.660512  0.185096  -0.727643  0.0354  -0.306359  0.95123  -0.0361234  0.24935
0.685469  0.24678  0.685005  0.08103  0.660512  0.185096  -0.727643  0.0354  -0.306359  0.95123  -0.0361234  0.24935
0.685469  0.24678  0.685005  0.08103  0.660512  0.185096  -0.727643  0.0354  -0.306359  0.95123  -0.0361234  0.24935
0.685469  0.24678  0.685005  0.08103  0.660512  0.185096  -0.727643  0.0354  -0.306359  0.95123  -0.0361234  0.24935
0.686096  0.246959  0.684312  0.08089  0.660147  0.183966  -0.728259  0.035276  -0.305741  0.951403  -0.0368111  0.24922
0.686096  0.246959  0.684312  0.08089  0.660147  0.183966  -0.728259  0.035276  -0.305741  0.951403  -0.0368111  0.24922
0.686096  0.246959  0.684312  0.08089  0.660147  0.183966  -0.728259  0.035276  -0.305741  0.951403  -0.0368111  0.24922
0.686096  0.246959  0.684312  0.08089  0.660147  0.183966  -0.728259  0.035276  -0.305741  0.951403  -0.0368111  0.24922
0.686096  0.246959  0.684312  0.08089  0.660147  0.183966  -0.728259  0.035276  -0.305741  0.951403  -0.0368111  0.24922
0.686096  0.246959  0.684312  0.08089  0.660147  0.183966  -0.728259  0.035276  -0.305741  0.951403  -0.0368111  0.24922
0.686096  0.246959  0.684312  0.08089  0.660147  0.183966  -0.728259  0.035276  -0.305741  0.951403  -0.0368111  0.24922
0.686096  0.246959  0.684312  0.08089  0.660147  0.183966  -0.728259  0.035276  -0.305741  0.951403  -0.0368111  0.24922
0.686731  0.247134  0.683612  0.08075  0.659777  0.182827  -0.728882  0.035151  -0.305114  0.951577  -0.0375002  0.24908
0.686731  0.247134  0.683612  0.08075  0.659777  0.182827  -0.728882  0.035151  -0.305114  0.951577  -0.0375002  0.24908
0.686731  0.247134  0.683612  0.08075  0.659777  0.182827  -0.728882  0.035151  -0.305114  0.951577  -0.0375002  0.24908
0.686731  0.247134  0.683612  0.08075  0.659777  0.182827  -0.728882  0.035151  -0.305114  0.951577  -0.0375002  0.24908
0.686731  0.247134  0.683612  0.08075  0.659777  0.182827  -0.728882  0.035151  -0.305114  0.951577  -0.0375002  0.24908
0.686731  0.247134  0.683612  0.08075  0.659777  0.182827  -0.728882  0.035151  -0.305114  0.951577  -0.0375002  0.24908
0.686731  0.247134  0.683612  0.08075  0.659777  0.182827  -0.728882  0.035151  -0.305114  0.951577  -0.0375002  0.24908
0.686731  0.247134  0.683612  0.08075  0.659777  0.182827  -0.728882  0.035151  -0.305114  0.951577  -0.0375002  0.24908
0.687432  0.247324  0.682838  0.08059  0.659369  0.181561  -0.729567  0.035012  -0.304416  0.95177  -0.038267  0.24892
0.687432  0.247324  0.682838  0.08059  0.659369  0.181561  -0.729567  0.035012  -0.304416  0.95177  -0.038267  0.24892
0.687432  0.247324  0.682838  0.08059  0.659369  0.181561  -0.729567  0.035012  -0.304416  0.95177  -0.038267  0.24892
0.687432  0.247324  0.682838  0.08059  0.659369  0.181561  -0.729567  0.035012  -0.304416  0.95177  -0.038267  0.24892
0.687432  0.247324  0.682838  0.08059  0.659369  0.181561  -0.729567  0.035012  -0.304416  0.95177  -0.038267  0.24892
0.687432  0.247324  0.682838  0.08059  0.659369  0.181561  -0.729567  0.035012  -0.304416  0.95177  -0.038267  0.24892
0.687432  0.247324  0.682838  0.08059  0.659369  0.181561  -0.729567  0.035012  -0.304416  0.95177  -0.038267  0.24892
0.687432  0.247324  0.682838  0.08059  0.659369  0.181561  -0.729567  0.035012  -0.304416  0.95177  -0.038267  0.24892
0.688056  0.247486  0.682151  0.08045  0.658981  0.180514  -0.730177  0.034891  -0.303846  0.951927  -0.0388848  0.24879
0.688056  0.247486  0.682151  0.08045  0.658981  0.180514  -0.730177  0.034891  -0.303846  0.951927  -0.0388848  0.24879
0.688056  0.247486  0.682151  0.08045  0.658981  0.180514  -0.730177  0.034891  -0.303846  0.951927  -0.0388848  0.24879
0.688056  0.247486  0.682151  0.08045  0.658981  0.180514  -0.730177  0.034891  -0.303846  0.951927  -0.0388848  0.24879
0.688056  0.247486  0.682151  0.08045  0.658981  0.180514  -0.730177  0.034891  -0.303846  0.951927  -0.0388848  0.24879
0.688056  0.247486  0.682151  0.08045  0.658981  0.180514  -0.730177  0.034891  -0.303846  0.951927  -0.0388848  0.24879
0.688056  0.247486  0.682151  0.08045  0.658981  0.180514  -0.730177  0.034891  -0.303846  0.951927  -0.0388848  0.24879
0.688056  0.247486  0.682151  0.08045  0.658981  0.180514  -0.730177  0.034891  -0.303846  0.951927  -0.0388848  0.24879
0.68861  0.247639  0.681536  0.0803  0.658658  0.179505  -0.730717  0.034782  -0.303293  0.952078  -0.0394998  0.24866
0.68861  0.247639  0.681536  0.0803  0.658658  0.179505  -0.730717  0.034782  -0.303293  0.952078  -0.0394998  0.24866
0.68861  0.247639  0.681536  0.0803  0.658658  0.179505  -0.730717  0.034782  -0.303293  0.952078  -0.0394998  0.24866
0.68861  0.247639  0.681536  0.0803  0.658658  0.179505  -0.730717  0.034782  -0.303293  0.952078  -0.0394998  0.24866
0.68861  0.247639  0.681536  0.0803  0.658658  0.179505  -0.730717  0.034782  -0.303293  0.952078  -0.0394998  0.24866
0.68861  0.247639  0.681536  0.0803  0.658658  0.179505  -0.730717  0.034782  -0.303293  0.952078  -0.0394998  0.24866
0.68861  0.247639  0.681536  0.0803  0.658658  0.179505  -0.730717  0.034782  -0.303293  0.952078  -0.0394998  0.24866
0.68861  0.247639  0.681536  0.0803  0.658658  0.179505  -0.730717  0.034782  -0.303293  0.952078  -0.0394998  0.24866
0.689251  0.247807  0.680826  0.08018  0.658277  0.178356  -0.731341  0.034657  -0.302661  0.95225  -0.0401937  0.24852
0.689251  0.247807  0.680826  0.08018  0.658277  0.178356  -0.731341  0.034657  -0.302661  0.95225  -0.0401937  0.24852
0.689251  0.247807  0.680826  0.08018  0.658277  0.178356  -0.731341  0.034657  -0.302661  0.95225  -0.0401937  0.24852
0.689251  0.247807  0.680826  0.08018  0.658277  0.178356  -0.731341  0.034657  -0.302661  0.95225  -0.0401937  0.24852
0.689251  0.247807  0.680826  0.08018  0.658277  0.178356  -0.731341  0.034657  -0.302661  0.95225  -0.0401937  0.24852
0.689251  0.247807  0.680826  0.08018  0.658277  0.178356  -0.731341  0.034657  -0.302661  0.95225  -0.0401937  0.24852
0.689251  0.247807  0.680826  0.08018  0.658277  0.178356  -0.731341  0.034657  -0.302661  0.95225  -0.0401937  0.24852
0.689251  0.247807  0.680826  0.08018  0.658277  0.178356  -0.731341  0.034657  -0.302661  0.95225  -0.0401937  0.24852
0.68989  0.247982  0.680115  0.08003  0.657894  0.177213  -0.731964  0.034532  -0.302039  0.952418  -0.0408887  0.24838
0.68989  0.247982  0.680115  0.08003  0.657894  0.177213  -0.731964  0.034532  -0.302039  0.952418  -0.0408887  0.24838
0.68989  0.247982  0.680115  0.08003  0.657894  0.177213  -0.731964  0.034532  -0.302039  0.952418  -0.0408887  0.24838
0.68989  0.247982  0.680115  0.08003  0.657894  0.177213  -0.731964  0.034532  -0.302039  0.952418  -0.0408887  0.24838
0.68989  0.247982  0.680115  0.08003  0.657894  0.177213  -0.731964  0.034532  -0.302039  0.952418  -0.0408887  0.24838
0.68989  0.247982  0.680115  0.08003  0.657894  0.177213  -0.731964  0.034532  -0.302039  0.952418  -0.0408887  0.24838
0.68989  0.247982  0.680115  0.08003  0.657894  0.177213  -0.731964  0.034532  -0.302039  0.952418  -0.0408887  0.24838
0.68989  0.247982  0.680115  0.08003  0.657894  0.177213  -0.731964  0.034532  -0.302039  0.952418  -0.0408887  0.24838
0.690511  0.248143  0.679426  0.07989  0.657502  0.176165  -0.732569  0.034411  -0.301473  0.952571  -0.0415104  0.24824
0.690511  0.248143  0.679426  0.07989  0.657502  0.176165  -0.732569  0.034411  -0.301473  0.952571  -0.0415104  0.24824
0.690511  0.248143  0.679426  0.07989  0.657502  0.176165  -0.732569  0.034411  -0.301473  0.952571  -0.0415104  0.24824
0.690511  0.248143  0.679426  0.07989  0.657502  0.176165  -0.732569  0.034411  -0.301473  0.952571  -0.0415104  0.24824
0.690511  0.248143  0.679426  0.07989  0.657502  0.176165  -0.732569  0.034411  -0.301473  0.952571  -0.0415104  0.24824
0.690511  0.248143  0.679426  0.07989  0.657502  0.176165  -0.732569  0.034411  -0.301473  0.952571  -0.0415104  0.24824
0.690511  0.248143  0.679426  0.07989  0.657502  0.176165  -0.732569  0.034411  -0.301473  0.952571  -0.0415104  0.24824
0.690511  0.248143  0.679426  0.07989  0.657502  0.176165  -0.732569  0.034411  -0.301473  0.952571  -0.0415104  0.24824
0.691198  0.24832  0.678662  0.07974  0.657101  0.174896  -0.733232  0.034278  -0.300771  0.952759  -0.0422836  0.24809
0.691198  0.24832  0.678662  0.07974  0.657101  0.174896  -0.733232  0.034278  -0.300771  0.952759  -0.0422836  0.24809
0.691198  0.24832  0.678662  0.07974  0.657101  0.174896  -0.733232  0.034278  -0.300771  0.952759  -0.0422836  0.24809
0.691198  0.24832  0.678662  0.07974  0.657101  0.174896  -0.733232  0.034278  -0.300771  0.952759  -0.0422836  0.24809
0.691198  0.24832  0.678662  0.07974  0.657101  0.174896  -0.733232  0.034278  -0.300771  0.952759  -0.0422836  0.24809
0.691198  0.24832  0.678662  0.07974  0.657101  0.174896  -0.733232  0.034278  -0.300771  0.952759  -0.0422836  0.24809
0.691198  0.24832  0.678662  0.07974  0.657101  0.174896  -0.733232  0.034278  -0.300771  0.952759  -0.0422836  0.24809
0.691198  0.24832  0.678662  0.07974  0.657101  0.174896  -0.733232  0.034278  -0.300771  0.952759  -0.0422836  0.24809
0.691837  0.248487  0.67795  0.07959  0.656716  0.173745  -0.733851  0.034155  -0.300142  0.952926  -0.042982  0.24795
0.691837  0.248487  0.67795  0.07959  0.656716  0.173745  -0.733851  0.034155  -0.300142  0.952926  -0.042982  0.24795
0.691837  0.248487  0.67795  0.07959  0.656716  0.173745  -0.733851  0.034155  -0.300142  0.952926  -0.042982  0.24795
0.691837  0.248487  0.67795  0.07959  0.656716  0.173745  -0.733851  0.034155  -0.300142  0.952926  -0.042982  0.24795
0.691837  0.248487  0.67795  0.07959  0.656716  0.173745  -0.733851  0.034155  -0.300142  0.952926  -0.042982  0.24795
0.691837  0.248487  0.67795  0.07959  0.656716  0.173745  -0.733851  0.034155  -0.300142  0.952926  -0.042982  0.24795
0.691837  0.248487  0.67795  0.07959  0.656716  0.173745  -0.733851  0.034155  -0.300142  0.952926  -0.042982  0.24795
0.691837  0.248487  0.67795  0.07959  0.656716  0.173745  -0.733851  0.034155  -0.300142  0.952926  -0.042982  0.24795
0.692409  0.248637  0.67731  0.07946  0.656367  0.172721  -0.734404  0.034044  -0.299586  0.953072  -0.043604  0.24782
0.692409  0.248637  0.67731  0.07946  0.656367  0.172721  -0.734404  0.034044  -0.299586  0.953072  -0.043604  0.24782
0.692409  0.248637  0.67731  0.07946  0.656367  0.172721  -0.734404  0.034044  -0.299586  0.953072  -0.043604  0.24782
0.692409  0.248637  0.67731  0.07946  0.656367  0.172721  -0.734404  0.034044  -0.299586  0.953072  -0.043604  0.24782
0.692409  0.248637  0.67731  0.07946  0.656367  0.172721  -0.734404  0.034044  -0.299586  0.953072  -0.043604  0.24782
0.692409  0.248637  0.67731  0.07946  0.656367  0.172721  -0.734404  0.034044  -0.299586  0.953072  -0.043604  0.24782
0.692409  0.248637  0.67731  0.07946  0.656367  0.172721  -0.734404  0.034044  -0.299586  0.953072  -0.043604  0.24782
0.692409  0.248637  0.67731  0.07946  0.656367  0.172721  -0.734404  0.034044  -0.299586  0.953072  -0.043604  0.24782
0.693037  0.248792  0.676611  0.07932  0.655965  0.171663  -0.735011  0.033923  -0.299014  0.953223  -0.0442302  0.24768
0.693037  0.248792  0.676611  0.07932  0.655965  0.171663  -0.735011  0.033923  -0.299014  0.953223  -0.0442302  0.24768
0.693037  0.248792  0.676611  0.07932  0.655965  0.171663  -0.735011  0.033923  -0.299014  0.953223  -0.0442302  0.24768
0.693037  0.248792  0.676611  0.07932  0.655965  0.171663  -0.735011  0.033923  -0.299014  0.953223  -0.0442302  0.24768
0.693037  0.248792  0.676611  0.07932  0.655965  0.171663  -0.735011  0.033923  -0.299014  0.953223  -0.0442302  0.24768
0.693037  0.248792  0.676611  0.07932  0.655965  0.171663  -0.735011  0.033923  -0.299014  0.953223  -0.0442302  0.24768
0.693037  0.248792  0.676611  0.07932  0.655965  0.171663  -0.735011  0.033923  -0.299014  0.953223  -0.0442302  0.24768
0.693037  0.248792  0.676611  0.07932  0.655965  0.171663  -0.735011  0.033923  -0.299014  0.953223  -0.0442302  0.24768
0.693689  0.248956  0.675881  0.07917  0.655564  0.1705  -0.735639  0.033798  -0.29838  0.953389  -0.0449325  0.24754
0.693689  0.248956  0.675881  0.07917  0.655564  0.1705  -0.735639  0.033798  -0.29838  0.953389  -0.0449325  0.24754
0.693689  0.248956  0.675881  0.07917  0.655564  0.1705  -0.735639  0.033798  -0.29838  0.953389  -0.0449325  0.24754
0.693689  0.248956  0.675881  0.07917  0.655564  0.1705  -0.735639  0.033798  -0.29838  0.953389  -0.0449325  0.24754
0.693689  0.248956  0.675881  0.07917  0.655564  0.1705  -0.735639  0.033798  -0.29838  0.953389  -0.0449325  0.24754
0.693689  0.248956  0.675881  0.07917  0.655564  0.1705  -0.735639  0.033798  -0.29838  0.953389  -0.0449325  0.24754
0.693689  0.248956  0.675881  0.07917  0.655564  0.1705  -0.735639  0.033798  -0.29838  0.953389  -0.0449325  0.24754
0.693689  0.248956  0.675881  0.07917  0.655564  0.1705  -0.735639  0.033798  -0.29838  0.953389  -0.0449325  0.24754
0.694313  0.249117  0.675181  0.07902  0.655188  0.169354  -0.736239  0.033679  -0.297754  0.953551  -0.0456342  0.2474
0.694313  0.249117  0.675181  0.07902  0.655188  0.169354  -0.736239  0.033679  -0.297754  0.953551  -0.0456342  0.2474
0.694313  0.249117  0.675181  0.07902  0.655188  0.169354  -0.736239  0.033679  -0.297754  0.953551  -0.0456342  0.2474
0.694313  0.249117  0.675181  0.07902  0.655188  0.169354  -0.736239  0.033679  -0.297754  0.953551  -0.0456342  0.2474
0.694313  0.249117  0.675181  0.07902  0.655188  0.169354  -0.736239  0.033679  -0.297754  0.953551  -0.0456342  0.2474
0.694313  0.249117  0.675181  0.07902  0.655188  0.169354  -0.736239  0.033679  -0.297754  0.953551  -0.0456342  0.2474
0.694313  0.249117  0.675181  0.07902  0.655188  0.169354  -0.736239  0.033679  -0.297754  0.953551  -0.0456342  0.2474
0.694313  0.249117  0.675181  0.07902  0.655188  0.169354  -0.736239  0.033679  -0.297754  0.953551  -0.0456342  0.2474
0.694993  0.249283  0.674421  0.07887  0.654758  0.168174  -0.736892  0.03355  -0.297114  0.953717  -0.0463404  0.24724
0.694993  0.249283  0.674421  0.07887  0.654758  0.168174  -0.736892  0.03355  -0.297114  0.953717  -0.0463404  0.24724
0.694993  0.249283  0.674421  0.07887  0.654758  0.168174  -0.736892  0.03355  -0.297114  0.953717  -0.0463404  0.24724
0.694993  0.249283  0.674421  0.07887  0.654758  0.168174  -0.736892  0.03355  -0.297114  0.953717  -0.0463404  0.24724
0.694993  0.249283  0.674421  0.07887  0.654758  0.168174  -0.736892  0.03355  -0.297114  0.953717  -0.0463404  0.24724
0.694993  0.249283  0.674421  0.07887  0.654758  0.168174  -0.736892  0.03355  -0.297114  0.953717  -0.0463404  0.24724
0.694993  0.249283  0.674421  0.07887  0.654758  0.168174  -0.736892  0.03355  -0.297114  0.953717  -0.0463404  0.24724
0.694993  0.249283  0.674421  0.07887  0.654758  0.168174  -0.736892  0.03355  -0.297114  0.953717  -0.0463404  0.24724
0.695643  0.249445  0.67369  0.07872  0.654354  0.16701  -0.737515  0.033426  -0.296483  0.953879  -0.0470461  0.2471
0.695643  0.249445  0.67369  0.07872  0.654354  0.16701  -0.737515  0.033426  -0.296483  0.953879  -0.0470461  0.2471
0.695643  0.249445  0.67369  0.07872  0.654354  0.16701  -0.737515  0.033426  -0.296483  0.953879  -0.0470461  0.2471
0.695643  0.249445  0.67369  0.07872  0.654354  0.16701  -0.737515  0.033426  -0.296483  0.953879  -0.0470461  0.2471
0.695643  0.249445  0.67369  0.07872  0.654354  0.16701  -0.737515  0.033426  -0.296483  0.953879  -0.0470461  0.2471
0.695643  0.249445  0.67369  0.07872  0.654354  0.16701  -0.737515  0.033426  -0.296483  0.953879  -0.0470461  0.2471
0.695643  0.249445  0.67369  0.07872  0.654354  0.16701  -0.737515  0.033426  -0.296483  0.953879  -0.0470461  0.2471
0.695643  0.249445  0.67369  0.07872  0.654354  0.16701  -0.737515  0.033426  -0.296483  0.953879  -0.0470461  0.2471
0.696236  0.249587  0.673024  0.07858  0.65401  0.165868  -0.738078  0.033314  -0.295848  0.954041  -0.047749  0.24697
0.696236  0.249587  0.673024  0.07858  0.65401  0.165868  -0.738078  0.033314  -0.295848  0.954041  -0.047749  0.24697
0.696236  0.249587  0.673024  0.07858  0.65401  0.165868  -0.738078  0.033314  -0.295848  0.954041  -0.047749  0.24697
0.696236  0.249587  0.673024  0.07858  0.65401  0.165868  -0.738078  0.033314  -0.295848  0.954041  -0.047749  0.24697
0.696236  0.249587  0.673024  0.07858  0.65401  0.165868  -0.738078  0.033314  -0.295848  0.954041  -0.047749  0.24697
0.696236  0.249587  0.673024  0.07858  0.65401  0.165868  -0.738078  0.033314  -0.295848  0.954041  -0.047749  0.24697
0.696236  0.249587  0.673024  0.07858  0.65401  0.165868  -0.738078  0.033314  -0.295848  0.954041  -0.047749  0.24697
0.696236  0.249587  0.673024  0.07858  0.65401  0.165868  -0.738078  0.033314  -0.295848  0.954041  -0.047749  0.24697
0.696854  0.249738  0.672329  0.07844  0.653608  0.164812  -0.73867  0.033197  -0.295282  0.954184  -0.0483807  0.24683
0.696854  0.249738  0.672329  0.07844  0.653608  0.164812  -0.73867  0.033197  -0.295282  0.954184  -0.0483807  0.24683
0.696854  0.249738  0.672329  0.07844  0.653608  0.164812  -0.73867  0.033197  -0.295282  0.954184  -0.0483807  0.24683
0.696854  0.249738  0.672329  0.07844  0.653608  0.164812  -0.73867  0.033197  -0.295282  0.954184  -0.0483807  0.24683
0.696854  0.249738  0.672329  0.07844  0.653608  0.164812  -0.73867  0.033197  -0.295282  0.954184  -0.0483807  0.24683
0.696854  0.249738  0.672329  0.07844  0.653608  0.164812  -0.73867  0.033197  -0.295282  0.954184  -0.0483807  0.24683
0.696854  0.249738  0.672329  0.07844  0.653608  0.164812  -0.73867  0.033197  -0.295282  0.954184  -0.0483807  0.24683
0.696854  0.249738  0.672329  0.07844  0.653608  0.164812  -0.73867  0.033197  -0.295282  0.954184  -0.0483807  0.24683
0.697503  0.2499  0.671595  0.07829  0.6532  0.163648  -0.73929  0.033074  -0.294653  0.954343  -0.0490896  0.24668
0.697503  0.2499  0.671595  0.07829  0.6532  0.163648  -0.73929  0.033074  -0.294653  0.954343  -0.0490896  0.24668
0.697503  0.2499  0.671595  0.07829  0.6532  0.163648  -0.73929  0.033074  -0.294653  0.954343  -0.0490896  0.24668
0.697503  0.2499  0.671595  0.07829  0.6532  0.163648  -0.73929  0.033074  -0.294653  0.954343  -0.0490896  0.24668
0.697503  0.2499  0.671595  0.07829  0.6532  0.163648  -0.73929  0.033074  -0.294653  0.954343  -0.0490896  0.24668
0.697503  0.2499  0.671595  0.07829  0.6532  0.163648  -0.73929  0.033074  -0.294653  0.954343  -0.0490896  0.24668
0.697503  0.2499  0.671595  0.07829  0.6532  0.163648  -0.73929  0.033074  -0.294653  0.954343  -0.0490896  0.24668
0.697503  0.2499  0.671595  0.07829  0.6532  0.163648  -0.73929  0.033074  -0.294653  0.954343  -0.0490896  0.24668
0.698119  0.25005  0.670899  0.07815  0.652825  0.162495  -0.739875  0.032957  -0.294023  0.9545  -0.0497973  0.24654
0.698119  0.25005  0.670899  0.07815  0.652825  0.162495  -0.739875  0.032957  -0.294023  0.9545  -0.0497973  0.24654
0.698119  0.25005  0.670899  0.07815  0.652825  0.162495  -0.739875  0.032957  -0.294023  0.9545  -0.0497973  0.24654
0.698119  0.25005  0.670899  0.07815  0.652825  0.162495  -0.739875  0.032957  -0.294023  0.9545  -0.0497973  0.24654
0.698119  0.25005  0.670899  0.07815  0.652825  0.162495  -0.739875  0.032957  -0.294023  0.9545  -0.0497973  0.24654
0.698119  0.25005  0.670899  0.07815  0.652825  0.162495  -0.739875  0.032957  -0.294023  0.9545  -0.0497973  0.24654
0.698119  0.25005  0.670899  0.07815  0.652825  0.162495  -0.739875  0.032957  -0.294023  0.9545  -0.0497973  0.24654
0.698119  0.25005  0.670899  0.07815  0.652825  0.162495  -0.739875  0.032957  -0.294023  0.9545  -0.0497973  0.24654
0.698784  0.250201  0.670149  0.07799  0.652403  0.161313  -0.740506  0.032833  -0.293379  0.954661  -0.0505093  0.24639
0.698784  0.250201  0.670149  0.07799  0.652403  0.161313  -0.740506  0.032833  -0.293379  0.954661  -0.0505093  0.24639
0.698784  0.250201  0.670149  0.07799  0.652403  0.161313  -0.740506  0.032833  -0.293379  0.954661  -0.0505093  0.24639
0.698784  0.250201  0.670149  0.07799  0.652403  0.161313  -0.740506  0.032833  -0.293379  0.954661  -0.0505093  0.24639
0.698784  0.250201  0.670149  0.07799  0.652403  0.161313  -0.740506  0.032833  -0.293379  0.954661  -0.0505093  0.24639
0.698784  0.250201  0.670149  0.07799  0.652403  0.161313  -0.740506  0.032833  -0.293379  0.954661  -0.0505093  0.24639
0.698784  0.250201  0.670149  0.07799  0.652403  0.161313  -0.740506  0.032833  -0.293379  0.954661  -0.0505093  0.24639
0.698784  0.250201  0.670149  0.07799  0.652403  0.161313  -0.740506  0.032833  -0.293379  0.954661  -0.0505093  0.24639
0.69944  0.250357  0.669407  0.07784  0.651985  0.160138  -0.741128  0.032711  -0.292744  0.954818  -0.0512219  0.24624
0.69944  0.250357  0.669407  0.07784  0.651985  0.160138  -0.741128  0.032711  -0.292744  0.954818  -0.0512219  0.24624
0.69944  0.250357  0.669407  0.07784  0.651985  0.160138  -0.741128  0.032711  -0.292744  0.954818  -0.0512219  0.24624
0.69944  0.250357  0.669407  0.07784  0.651985  0.160138  -0.741128  0.032711  -0.292744  0.954818  -0.0512219  0.24624
0.69944  0.250357  0.669407  0.07784  0.651985  0.160138  -0.741128  0.032711  -0.292744  0.954818  -0.0512219  0.24624
0.69944  0.250357  0.669407  0.07784  0.651985  0.160138  -0.741128  0.032711  -0.292744  0.954818  -0.0512219  0.24624
0.69944  0.250357  0.669407  0.07784  0.651985  0.160138  -0.741128  0.032711  -0.292744  0.954818  -0.0512219  0.24624
0.69944  0.250357  0.669407  0.07784  0.651985  0.160138  -0.741128  0.032711  -0.292744  0.954818  -0.0512219  0.24624
0.700036  0.250499  0.66873  0.0777  0.651598  0.159088  -0.741694  0.032599  -0.292181  0.954956  -0.0518572  0.24611
0.700036  0.250499  0.66873  0.0777  0.651598  0.159088  -0.741694  0.032599  -0.292181  0.954956  -0.0518572  0.24611
0.700036  0.250499  0.66873  0.0777  0.651598  0.159088  -0.741694  0.032599  -0.292181  0.954956  -0.0518572  0.24611
0.700036  0.250499  0.66873  0.0777  0.651598  0.159088  -0.741694  0.032599  -0.292181  0.954956  -0.0518572  0.24611
0.700036  0.250499  0.66873  0.0777  0.651598  0.159088  -0.741694  0.032599  -0.292181  0.954956  -0.0518572  0.24611
0.700036  0.250499  0.66873  0.0777  0.651598  0.159088  -0.741694  0.032599  -0.292181  0.954956  -0.0518572  0.24611
0.700036  0.250499  0.66873  0.0777  0.651598  0.159088  -0.741694  0.032599  -0.292181  0.954956  -0.0518572  0.24611
0.700036  0.250499  0.66873  0.0777  0.651598  0.159088  -0.741694  0.032599  -0.292181  0.954956  -0.0518572  0.24611
0.700643  0.250645  0.668039  0.07756  0.651226  0.157938  -0.742267  0.032486  -0.291555  0.955109  -0.0525687  0.24597
0.700643  0.250645  0.668039  0.07756  0.651226  0.157938  -0.742267  0.032486  -0.291555  0.955109  -0.0525687  0.24597
0.700643  0.250645  0.668039  0.07756  0.651226  0.157938  -0.742267  0.032486  -0.291555  0.955109  -0.0525687  0.24597
0.700643  0.250645  0.668039  0.07756  0.651226  0.157938  -0.742267  0.032486  -0.291555  0.955109  -0.0525687  0.24597
0.700643  0.250645  0.668039  0.07756  0.651226  0.157938  -0.742267  0.032486  -0.291555  0.955109  -0.0525687  0.24597
0.700643  0.250645  0.668039  0.07756  0.651226  0.157938  -0.742267  0.032486  -0.291555  0.955109  -0.0525687  0.24597
0.700643  0.250645  0.668039  0.07756  0.651226  0.157938  -0.742267  0.032486  -0.291555  0.955109  -0.0525687  0.24597
0.700643  0.250645  0.668039  0.07756  0.651226  0.157938  -0.742267  0.032486  -0.291555  0.955109  -0.0525687  0.24597
0.701291  0.250798  0.667302  0.07741  0.650811  0.156765  -0.742879  0.032366  -0.290922  0.955262  -0.053284  0.24582
0.701291  0.250798  0.667302  0.07741  0.650811  0.156765  -0.742879  0.032366  -0.290922  0.955262  -0.053284  0.24582
0.701291  0.250798  0.667302  0.07741  0.650811  0.156765  -0.742879  0.032366  -0.290922  0.955262  -0.053284  0.24582
0.701291  0.250798  0.667302  0.07741  0.650811  0.156765  -0.742879  0.032366  -0.290922  0.955262  -0.053284  0.24582
0.701291  0.250798  0.667302  0.07741  0.650811  0.156765  -0.742879  0.032366  -0.290922  0.955262  -0.053284  0.24582
0.701291  0.250798  0.667302  0.07741  0.650811  0.156765  -0.742879  0.032366  -0.290922  0.955262  -0.053284  0.24582
