0.0267412  -0.716085  -0.697501  -0.596949  -0.121627  -0.694897  0.708749  0.508628  -0.992216  0.0658818  -0.105677  0.569993
0.0267412  -0.716085  -0.697501  -0.596949  -0.121627  -0.694897  0.708749  0.508628  -0.992216  0.0658818  -0.105677  0.569993
0.0267412  -0.716085  -0.697501  -0.596949  -0.121627  -0.694897  0.708749  0.508628  -0.992216  0.0658818  -0.105677  0.569993
0.0294357  -0.716207  -0.697267  -0.596982  -0.124268  -0.694779  0.708406  0.508574  -0.991812  0.0657954  -0.109453  0.568099
0.0294357  -0.716207  -0.697267  -0.596982  -0.124268  -0.694779  0.708406  0.508574  -0.991812  0.0657954  -0.109453  0.568099
0.032168  -0.716333  -0.697016  -0.597008  -0.126944  -0.694658  0.708051  0.508514  -0.991388  0.0657052  -0.11328  0.566178
0.032168  -0.716333  -0.697016  -0.597008  -0.126944  -0.694658  0.708051  0.508514  -0.991388  0.0657052  -0.11328  0.566178
0.032168  -0.716333  -0.697016  -0.597008  -0.126944  -0.694658  0.708051  0.508514  -0.991388  0.0657052  -0.11328  0.566178
0.0348307  -0.716466  -0.696752  -0.597024  -0.12955  -0.694529  0.707705  0.508461  -0.990961  0.0656142  -0.117009  0.564301
0.0348307  -0.716466  -0.696752  -0.597024  -0.12955  -0.694529  0.707705  0.508461  -0.990961  0.0656142  -0.117009  0.564301
0.0371927  -0.716583  -0.69651  -0.597037  -0.131871  -0.694416  0.707387  0.508413  -0.990569  0.06554  -0.120324  0.56263
0.0371927  -0.716583  -0.69651  -0.597037  -0.131871  -0.694416  0.707387  0.508413  -0.990569  0.06554  -0.120324  0.56263
0.0371927  -0.716583  -0.69651  -0.597037  -0.131871  -0.694416  0.707387  0.508413  -0.990569  0.06554  -0.120324  0.56263
0.0397947  -0.716721  -0.696224  -0.597038  -0.134421  -0.694282  0.707039  0.50836  -0.990125  0.0654504  -0.123971  0.560792
0.0397947  -0.716721  -0.696224  -0.597038  -0.134421  -0.694282  0.707039  0.50836  -0.990125  0.0654504  -0.123971  0.560792
0.0423992  -0.716867  -0.695919  -0.597027  -0.13698  -0.694139  0.706688  0.50831  -0.989666  0.0653641  -0.127628  0.55895
0.0423992  -0.716867  -0.695919  -0.597027  -0.13698  -0.694139  0.706688  0.50831  -0.989666  0.0653641  -0.127628  0.55895
0.0423992  -0.716867  -0.695919  -0.597027  -0.13698  -0.694139  0.706688  0.50831  -0.989666  0.0653641  -0.127628  0.55895
0.0449121  -0.717009  -0.695615  -0.597012  -0.139431  -0.694001  0.706343  0.508258  -0.989213  0.0652671  -0.131143  0.557177
0.0449121  -0.717009  -0.695615  -0.597012  -0.139431  -0.694001  0.706343  0.508258  -0.989213  0.0652671  -0.131143  0.557177
0.0475789  -0.717161  -0.695282  -0.596988  -0.142064  -0.693853  0.705965  0.508197  -0.988713  0.0651855  -0.134895  0.55529
0.0475789  -0.717161  -0.695282  -0.596988  -0.142064  -0.693853  0.705965  0.508197  -0.988713  0.0651855  -0.134895  0.55529
0.0475789  -0.717161  -0.695282  -0.596988  -0.142064  -0.693853  0.705965  0.508197  -0.988713  0.0651855  -0.134895  0.55529
0.0499366  -0.717289  -0.694984  -0.596967  -0.144369  -0.693728  0.705619  0.508134  -0.988263  0.0650981  -0.138197  0.553626
0.0499366  -0.717289  -0.694984  -0.596967  -0.144369  -0.693728  0.705619  0.508134  -0.988263  0.0650981  -0.138197  0.553626
0.0524489  -0.717436  -0.694648  -0.596931  -0.146837  -0.693585  0.705251  0.50807  -0.987769  0.0650102  -0.141724  0.551848
0.0524489  -0.717436  -0.694648  -0.596931  -0.146837  -0.693585  0.705251  0.50807  -0.987769  0.0650102  -0.141724  0.551848
0.0524489  -0.717436  -0.694648  -0.596931  -0.146837  -0.693585  0.705251  0.50807  -0.987769  0.0650102  -0.141724  0.551848
0.0549998  -0.717584  -0.694297  -0.596891  -0.149339  -0.69344  0.704868  0.507999  -0.987255  0.0649181  -0.145302  0.550049
0.0549998  -0.717584  -0.694297  -0.596891  -0.149339  -0.69344  0.704868  0.507999  -0.987255  0.0649181  -0.145302  0.550049
0.0575163  -0.717723  -0.69395  -0.596851  -0.151806  -0.693305  0.704474  0.507919  -0.986735  0.0648269  -0.148831  0.54827
0.0575163  -0.717723  -0.69395  -0.596851  -0.151806  -0.693305  0.704474  0.507919  -0.986735  0.0648269  -0.148831  0.54827
0.0575163  -0.717723  -0.69395  -0.596851  -0.151806  -0.693305  0.704474  0.507919  -0.986735  0.0648269  -0.148831  0.54827
0.0575208  -0.717689  -0.693984  -0.596875  -0.151796  -0.69334  0.704441  0.507889  -0.986737  0.0648241  -0.148824  0.548274
0.0575208  -0.717689  -0.693984  -0.596875  -0.151796  -0.69334  0.704441  0.507889  -0.986737  0.0648241  -0.148824  0.548274
0.0626635  -0.717985  -0.693232  -0.596772  -0.156831  -0.693052  0.703622  0.507724  -0.985635  0.0646291  -0.156032  0.54464
0.0626635  -0.717985  -0.693232  -0.596772  -0.156831  -0.693052  0.703622  0.507724  -0.985635  0.0646291  -0.156032  0.54464
0.0626635  -0.717985  -0.693232  -0.596772  -0.156831  -0.693052  0.703622  0.507724  -0.985635  0.0646291  -0.156032  0.54464
0.0650631  -0.718112  -0.69288  -0.596726  -0.159186  -0.692928  0.703214  0.507631  -0.985102  0.0645438  -0.159398  0.542941
0.0650631  -0.718112  -0.69288  -0.596726  -0.159186  -0.692928  0.703214  0.507631  -0.985102  0.0645438  -0.159398  0.542941
0.0676245  -0.71824  -0.692502  -0.596678  -0.161696  -0.692804  0.702764  0.507524  -0.984521  0.0644505  -0.162987  0.541128
0.0676245  -0.71824  -0.692502  -0.596678  -0.161696  -0.692804  0.702764  0.507524  -0.984521  0.0644505  -0.162987  0.541128
0.0676245  -0.71824  -0.692502  -0.596678  -0.161696  -0.692804  0.702764  0.507524  -0.984521  0.0644505  -0.162987  0.541128
0.0701657  -0.718357  -0.692127  -0.596634  -0.164175  -0.692692  0.7023  0.507406  -0.983933  0.0643526  -0.166539  0.53933
0.0701657  -0.718357  -0.692127  -0.596634  -0.164175  -0.692692  0.7023  0.507406  -0.983933  0.0643526  -0.166539  0.53933
0.0727077  -0.718457  -0.69176  -0.596597  -0.166662  -0.692596  0.701808  0.507267  -0.98333  0.0642632  -0.170096  0.537534
0.0727077  -0.718457  -0.69176  -0.596597  -0.166662  -0.692596  0.701808  0.507267  -0.98333  0.0642632  -0.170096  0.537534
0.0727077  -0.718457  -0.69176  -0.596597  -0.166662  -0.692596  0.701808  0.507267  -0.98333  0.0642632  -0.170096  0.537534
0.0751632  -0.718541  -0.691412  -0.596569  -0.169042  -0.692519  0.701315  0.50712  -0.982739  0.0641644  -0.173515  0.5358
0.0751632  -0.718541  -0.691412  -0.596569  -0.169042  -0.692519  0.701315  0.50712  -0.982739  0.0641644  -0.173515  0.5358
0.0774542  -0.718627  -0.691068  -0.596537  -0.171275  -0.692437  0.700854  0.506991  -0.982174  0.0640783  -0.176715  0.534171
0.0774542  -0.718627  -0.691068  -0.596537  -0.171275  -0.692437  0.700854  0.506991  -0.982174  0.0640783  -0.176715  0.534171
0.0774542  -0.718627  -0.691068  -0.596537  -0.171275  -0.692437  0.700854  0.506991  -0.982174  0.0640783  -0.176715  0.534171
0.0800927  -0.718745  -0.690645  -0.596483  -0.173847  -0.692324  0.700332  0.506856  -0.98151  0.063975  -0.180402  0.532294
0.0800927  -0.718745  -0.690645  -0.596483  -0.173847  -0.692324  0.700332  0.506856  -0.98151  0.063975  -0.180402  0.532294
0.0826108  -0.718866  -0.690223  -0.596418  -0.176319  -0.692207  0.699829  0.506725  -0.98086  0.0638861  -0.183934  0.530498
0.0826108  -0.718866  -0.690223  -0.596418  -0.176319  -0.692207  0.699829  0.506725  -0.98086  0.0638861  -0.183934  0.530498
0.0826108  -0.718866  -0.690223  -0.596418  -0.176319  -0.692207  0.699829  0.506725  -0.98086  0.0638861  -0.183934  0.530498
0.0850949  -0.718984  -0.689797  -0.596345  -0.178766  -0.692091  0.699323  0.506595  -0.980205  0.0638037  -0.187424  0.528726
0.0850949  -0.718984  -0.689797  -0.596345  -0.178766  -0.692091  0.699323  0.506595  -0.980205  0.0638037  -0.187424  0.528726
0.0876552  -0.719106  -0.68935  -0.596264  -0.181263  -0.691975  0.698795  0.50645  -0.97952  0.0637003  -0.191002  0.526912
0.0876552  -0.719106  -0.68935  -0.596264  -0.181263  -0.691975  0.698795  0.50645  -0.97952  0.0637003  -0.191002  0.526912
0.0876552  -0.719106  -0.68935  -0.596264  -0.181263  -0.691975  0.698795  0.50645  -0.97952  0.0637003  -0.191002  0.526912
0.0899604  -0.719208  -0.688946  -0.59619  -0.183515  -0.691877  0.698305  0.506304  -0.978892  0.063612  -0.194227  0.525279
0.0899604  -0.719208  -0.688946  -0.59619  -0.183515  -0.691877  0.698305  0.506304  -0.978892  0.063612  -0.194227  0.525279
0.0925835  -0.719318  -0.688484  -0.596106  -0.186072  -0.691772  0.697732  0.506129  -0.978164  0.0635091  -0.197892  0.523425
0.0925835  -0.719318  -0.688484  -0.596106  -0.186072  -0.691772  0.697732  0.506129  -0.978164  0.0635091  -0.197892  0.523425
0.0925835  -0.719318  -0.688484  -0.596106  -0.186072  -0.691772  0.697732  0.506129  -0.978164  0.0635091  -0.197892  0.523425
0.095347  -0.719414  -0.688006  -0.596023  -0.188762  -0.691682  0.697098  0.505928  -0.977383  0.063403  -0.201748  0.521474
0.095347  -0.719414  -0.688006  -0.596023  -0.188762  -0.691682  0.697098  0.505928  -0.977383  0.063403  -0.201748  0.521474
0.098262  -0.719467  -0.687541  -0.595963  -0.191595  -0.691636  0.69637  0.505669  -0.976543  0.0633028  -0.205808  0.519424
0.098262  -0.719467  -0.687541  -0.595963  -0.191595  -0.691636  0.69637  0.505669  -0.976543  0.0633028  -0.205808  0.519424
0.098262  -0.719467  -0.687541  -0.595963  -0.191595  -0.691636  0.69637  0.505669  -0.976543  0.0633028  -0.205808  0.519424
0.100804  -0.719399  -0.687243  -0.595985  -0.19404  -0.691713  0.695616  0.505352  -0.975801  0.0632314  -0.20932  0.517648
0.100804  -0.719399  -0.687243  -0.595985  -0.19404  -0.691713  0.695616  0.505352  -0.975801  0.0632314  -0.20932  0.517648
0.103755  -0.71935  -0.686856  -0.595981  -0.196903  -0.691771  0.694754  0.505002  -0.974918  0.0631598  -0.213417  0.515584
0.103755  -0.71935  -0.686856  -0.595981  -0.196903  -0.691771  0.694754  0.505002  -0.974918  0.0631598  -0.213417  0.515584
0.103755  -0.71935  -0.686856  -0.595981  -0.196903  -0.691771  0.694754  0.505002  -0.974918  0.0631598  -0.213417  0.515584
0.106656  -0.719243  -0.686523  -0.596013  -0.199669  -0.691889  0.693845  0.504605  -0.974041  0.0630746  -0.217405  0.513571
0.106656  -0.719243  -0.686523  -0.596013  -0.199669  -0.691889  0.693845  0.504605  -0.974041  0.0630746  -0.217405  0.513571
0.109652  -0.719018  -0.686286  -0.596127  -0.202469  -0.692131  0.692792  0.504092  -0.97313  0.0629858  -0.221473  0.511514
0.109652  -0.719018  -0.686286  -0.596127  -0.202469  -0.692131  0.692792  0.504092  -0.97313  0.0629858  -0.221473  0.511514
0.109652  -0.719018  -0.686286  -0.596127  -0.202469  -0.692131  0.692792  0.504092  -0.97313  0.0629858  -0.221473  0.511514
0.112629  -0.718751  -0.686084  -0.596267  -0.205214  -0.692417  0.691697  0.50354  -0.972215  0.0628893  -0.225484  0.509484
0.112629  -0.718751  -0.686084  -0.596267  -0.205214  -0.692417  0.691697  0.50354  -0.972215  0.0628893  -0.225484  0.509484
0.11543  -0.718347  -0.686042  -0.596502  -0.207764  -0.692842  0.69051  0.502896  -0.971344  0.0628293  -0.229221  0.507595
0.11543  -0.718347  -0.686042  -0.596502  -0.207764  -0.692842  0.69051  0.502896  -0.971344  0.0628293  -0.229221  0.507595
0.11543  -0.718347  -0.686042  -0.596502  -0.207764  -0.692842  0.69051  0.502896  -0.971344  0.0628293  -0.229221  0.507595
0.118539  -0.717841  -0.686041  -0.596801  -0.210608  -0.693369  0.689118  0.502152  -0.970357  0.0627978  -0.233374  0.505486
0.118539  -0.717841  -0.686041  -0.596801  -0.210608  -0.693369  0.689118  0.502152  -0.970357  0.0627978  -0.233374  0.505486
0.121676  -0.717321  -0.686036  -0.597105  -0.213435  -0.693912  0.6877  0.501388  -0.969351  0.0627475  -0.237534  0.503368
0.121676  -0.717321  -0.686036  -0.597105  -0.213435  -0.693912  0.6877  0.501388  -0.969351  0.0627475  -0.237534  0.503368
0.121676  -0.717321  -0.686036  -0.597105  -0.213435  -0.693912  0.6877  0.501388  -0.969351  0.0627475  -0.237534  0.503368
0.124535  -0.716732  -0.686139  -0.59744  -0.215993  -0.694521  0.686285  0.500589  -0.96842  0.0627345  -0.241301  0.501472
0.124535  -0.716732  -0.686139  -0.59744  -0.215993  -0.694521  0.686285  0.500589  -0.96842  0.0627345  -0.241301  0.501472
0.127808  -0.716108  -0.686188  -0.597775  -0.218919  -0.695167  0.684703  0.499701  -0.967336  0.0627094  -0.245618  0.499304
0.127808  -0.716108  -0.686188  -0.597775  -0.218919  -0.695167  0.684703  0.499701  -0.967336  0.0627094  -0.245618  0.499304
0.127808  -0.716108  -0.686188  -0.597775  -0.218919  -0.695167  0.684703  0.499701  -0.967336  0.0627094  -0.245618  0.499304
0.131165  -0.715538  -0.68615  -0.598057  -0.221945  -0.695756  0.683128  0.498843  -0.966197  0.0626855  -0.250069  0.497073
0.131165  -0.715538  -0.68615  -0.598057  -0.221945  -0.695756  0.683128  0.498843  -0.966197  0.0626855  -0.250069  0.497073
0.134618  -0.714809  -0.686241  -0.598435  -0.225013  -0.696504  0.68136  0.497845  -0.965011  0.0626904  -0.254603  0.494801
0.134618  -0.714809  -0.686241  -0.598435  -0.225013  -0.696504  0.68136  0.497845  -0.965011  0.0626904  -0.254603  0.494801
0.134618  -0.714809  -0.686241  -0.598435  -0.225013  -0.696504  0.68136  0.497845  -0.965011  0.0626904  -0.254603  0.494801
0.137882  -0.71418  -0.686247  -0.598732  -0.227981  -0.697145  0.679716  0.496954  -0.963853  0.062731  -0.258943  0.492639
0.137882  -0.71418  -0.686247  -0.598732  -0.227981  -0.697145  0.679716  0.496954  -0.963853  0.062731  -0.258943  0.492639
0.141513  -0.713385  -0.686335  -0.599112  -0.231278  -0.697951  0.677772  0.495884  -0.962541  0.0628205  -0.263759  0.490247
0.141513  -0.713385  -0.686335  -0.599112  -0.231278  -0.697951  0.677772  0.495884  -0.962541  0.0628205  -0.263759  0.490247
0.141513  -0.713385  -0.686335  -0.599112  -0.231278  -0.697951  0.677772  0.495884  -0.962541  0.0628205  -0.263759  0.490247
0.145282  -0.712647  -0.686314  -0.59943  -0.234712  -0.698697  0.67582  0.494838  -0.961147  0.062902  -0.268775  0.487754
0.145282  -0.712647  -0.686314  -0.59943  -0.234712  -0.698697  0.67582  0.494838  -0.961147  0.062902  -0.268775  0.487754
0.148783  -0.711802  -0.686441  -0.599855  -0.237682  -0.699559  0.673887  0.493706  -0.959881  0.062892  -0.273265  0.4855
0.148783  -0.711802  -0.686441  -0.599855  -0.237682  -0.699559  0.673887  0.493706  -0.959881  0.062892  -0.273265  0.4855
0.148783  -0.711802  -0.686441  -0.599855  -0.237682  -0.699559  0.673887  0.493706  -0.959881  0.062892  -0.273265  0.4855
0.152817  -0.71102  -0.686366  -0.600197  -0.241204  -0.700354  0.671807  0.49255  -0.958367  0.0628906  -0.278527  0.482855
0.152817  -0.71102  -0.686366  -0.600197  -0.241204  -0.700354  0.671807  0.49255  -0.958367  0.0628906  -0.278527  0.482855
0.156827  -0.710156  -0.686355  -0.600569  -0.244704  -0.701225  0.669629  0.491342  -0.956831  0.0629377  -0.283749  0.480245
0.156827  -0.710156  -0.686355  -0.600569  -0.244704  -0.701225  0.669629  0.491342  -0.956831  0.0629377  -0.283749  0.480245
0.156827  -0.710156  -0.686355  -0.600569  -0.244704  -0.701225  0.669629  0.491342  -0.956831  0.0629377  -0.283749  0.480245
0.160569  -0.709328  -0.686346  -0.600938  -0.247873  -0.702063  0.667582  0.49017  -0.955393  0.0629334  -0.288553  0.477828
0.160569  -0.709328  -0.686346  -0.600938  -0.247873  -0.702063  0.667582  0.49017  -0.955393  0.0629334  -0.288553  0.477828
0.164644  -0.708579  -0.686155  -0.60123  -0.251313  -0.702825  0.665491  0.488996  -0.9538  0.062871  -0.293791  0.475177
0.164644  -0.708579  -0.686155  -0.60123  -0.251313  -0.702825  0.665491  0.488996  -0.9538  0.062871  -0.293791  0.475177
0.164644  -0.708579  -0.686155  -0.60123  -0.251313  -0.702825  0.665491  0.488996  -0.9538  0.062871  -0.293791  0.475177
0.168641  -0.707936  -0.685847  -0.601441  -0.254709  -0.703479  0.663507  0.487908  -0.952199  0.0627968  -0.298953  0.47256
0.168641  -0.707936  -0.685847  -0.601441  -0.254709  -0.703479  0.663507  0.487908  -0.952199  0.0627968  -0.298953  0.47256
0.172833  -0.707247  -0.685514  -0.601643  -0.258323  -0.704173  0.661369  0.486763  -0.950473  0.0627777  -0.304402  0.469814
0.172833  -0.707247  -0.685514  -0.601643  -0.258323  -0.704173  0.661369  0.486763  -0.950473  0.0627777  -0.304402  0.469814
0.172833  -0.707247  -0.685514  -0.601643  -0.258323  -0.704173  0.661369  0.486763  -0.950473  0.0627777  -0.304402  0.469814
0.17675  -0.706527  -0.685258  -0.601854  -0.261768  -0.704889  0.659249  0.48564  -0.948808  0.0628562  -0.309535  0.467246
0.17675  -0.706527  -0.685258  -0.601854  -0.261768  -0.704889  0.659249  0.48564  -0.948808  0.0628562  -0.309535  0.467246
0.181033  -0.705989  -0.684694  -0.601907  -0.265586  -0.705426  0.657145  0.484586  -0.946938  0.06288  -0.315206  0.464397
0.181033  -0.705989  -0.684694  -0.601907  -0.265586  -0.705426  0.657145  0.484586  -0.946938  0.06288  -0.315206  0.464397
0.181033  -0.705989  -0.684694  -0.601907  -0.265586  -0.705426  0.657145  0.484586  -0.946938  0.06288  -0.315206  0.464397
0.185286  -0.705484  -0.684077  -0.601944  -0.269262  -0.705936  0.655097  0.483533  -0.945075  0.0628154  -0.32076  0.461581
0.185286  -0.705484  -0.684077  -0.601944  -0.269262  -0.705936  0.655097  0.483533  -0.945075  0.0628154  -0.32076  0.461581
0.189345  -0.704934  -0.683532  -0.602002  -0.272799  -0.706486  0.653038  0.48248  -0.943254  0.0628175  -0.326075  0.458899
0.189345  -0.704934  -0.683532  -0.602002  -0.272799  -0.706486  0.653038  0.48248  -0.943254  0.0628175  -0.326075  0.458899
0.189345  -0.704934  -0.683532  -0.602002  -0.272799  -0.706486  0.653038  0.48248  -0.943254  0.0628175  -0.326075  0.458899
0.193655  -0.704394  -0.682881  -0.602011  -0.27661  -0.707021  0.650852  0.481392  -0.941268  0.0628505  -0.331761  0.456036
0.193655  -0.704394  -0.682881  -0.602011  -0.27661  -0.707021  0.650852  0.481392  -0.941268  0.0628505  -0.331761  0.456036
0.198021  -0.703834  -0.682206  -0.602022  -0.280415  -0.707578  0.648615  0.480259  -0.939231  0.062862  -0.337481  0.453151
0.198021  -0.703834  -0.682206  -0.602022  -0.280415  -0.707578  0.648615  0.480259  -0.939231  0.062862  -0.337481  0.453151
0.198021  -0.703834  -0.682206  -0.602022  -0.280415  -0.707578  0.648615  0.480259  -0.939231  0.062862  -0.337481  0.453151
0.202265  -0.703328  -0.681483  -0.602003  -0.284041  -0.708086  0.64648  0.479165  -0.937235  0.0628086  -0.342995  0.450354
0.202265  -0.703328  -0.681483  -0.602003  -0.284041  -0.708086  0.64648  0.479165  -0.937235  0.0628086  -0.342995  0.450354
0.206202  -0.702682  -0.680969  -0.6021  -0.287301  -0.708729  0.644331  0.478009  -0.935382  0.0627808  -0.348022  0.447801
0.206202  -0.702682  -0.680969  -0.6021  -0.287301  -0.708729  0.644331  0.478009  -0.935382  0.0627808  -0.348022  0.447801
0.206202  -0.702682  -0.680969  -0.6021  -0.287301  -0.708729  0.644331  0.478009  -0.935382  0.0627808  -0.348022  0.447801
0.21052  -0.701912  -0.680442  -0.602218  -0.290921  -0.709488  0.641866  0.476699  -0.933299  0.0628298  -0.353562  0.445006
0.21052  -0.701912  -0.680442  -0.602218  -0.290921  -0.709488  0.641866  0.476699  -0.933299  0.0628298  -0.353562  0.445006
0.214878  -0.701002  -0.680017  -0.602424  -0.294397  -0.710386  0.639282  0.475256  -0.931213  0.0628275  -0.359019  0.442243
0.214878  -0.701002  -0.680017  -0.602424  -0.294397  -0.710386  0.639282  0.475256  -0.931213  0.0628275  -0.359019  0.442243
0.214878  -0.701002  -0.680017  -0.602424  -0.294397  -0.710386  0.639282  0.475256  -0.931213  0.0628275  -0.359019  0.442243
0.219189  -0.700074  -0.679597  -0.602658  -0.297661  -0.71131  0.636739  0.473776  -0.929168  0.0627232  -0.364296  0.439542
0.219189  -0.700074  -0.679597  -0.602658  -0.297661  -0.71131  0.636739  0.473776  -0.929168  0.0627232  -0.364296  0.439542
0.223135  -0.698852  -0.679571  -0.603124  -0.30038  -0.712518  0.634105  0.472129  -0.927352  0.0626391  -0.368909  0.437177
0.223135  -0.698852  -0.679571  -0.603124  -0.30038  -0.712518  0.634105  0.472129  -0.927352  0.0626391  -0.368909  0.437177
0.223135  -0.698852  -0.679571  -0.603124  -0.30038  -0.712518  0.634105  0.472129  -0.927352  0.0626391  -0.368909  0.437177
0.22753  -0.697611  -0.679389  -0.603538  -0.303478  -0.713741  0.631249  0.47039  -0.925274  0.0625514  -0.374107  0.434513
0.22753  -0.697611  -0.679389  -0.603538  -0.303478  -0.713741  0.631249  0.47039  -0.925274  0.0625514  -0.374107  0.434513
0.231952  -0.696215  -0.679325  -0.604038  -0.306484  -0.715109  0.628241  0.468513  -0.923182  0.0624806  -0.37925  0.431884
0.231952  -0.696215  -0.679325  -0.604038  -0.306484  -0.715109  0.628241  0.468513  -0.923182  0.0624806  -0.37925  0.431884
0.231952  -0.696215  -0.679325  -0.604038  -0.306484  -0.715109  0.628241  0.468513  -0.923182  0.0624806  -0.37925  0.431884
0.235939  -0.694809  -0.679392  -0.604579  -0.309029  -0.716483  0.625422  0.466701  -0.921322  0.0623909  -0.383762  0.429572
0.235939  -0.694809  -0.679392  -0.604579  -0.309029  -0.716483  0.625422  0.466701  -0.921322  0.0623909  -0.383762  0.429572
0.240146  -0.69364  -0.679113  -0.604922  -0.311878  -0.717626  0.622691  0.465016  -0.919272  0.0622634  -0.388666  0.427049
0.240146  -0.69364  -0.679113  -0.604922  -0.311878  -0.717626  0.622691  0.465016  -0.919272  0.0622634  -0.388666  0.427049
0.240146  -0.69364  -0.679113  -0.604922  -0.311878  -0.717626  0.622691  0.465016  -0.919272  0.0622634  -0.388666  0.427049
0.244488  -0.692266  -0.678965  -0.605372  -0.314702  -0.718961  0.619725  0.46315  -0.917163  0.0621564  -0.393634  0.424499
0.244488  -0.692266  -0.678965  -0.605372  -0.314702  -0.718961  0.619725  0.46315  -0.917163  0.0621564  -0.393634  0.424499
0.248866  -0.691119  -0.678543  -0.605654  -0.317622  -0.720078  0.616931  0.461431  -0.914977  0.0619869  -0.398717  0.421872
0.248866  -0.691119  -0.678543  -0.605654  -0.317622  -0.720078  0.616931  0.461431  -0.914977  0.0619869  -0.398717  0.421872
0.248866  -0.691119  -0.678543  -0.605654  -0.317622  -0.720078  0.616931  0.461431  -0.914977  0.0619869  -0.398717  0.421872
0.252908  -0.689809  -0.678382  -0.606072  -0.320092  -0.721348  0.614165  0.459644  -0.913005  0.0618178  -0.403237  0.419539
0.252908  -0.689809  -0.678382  -0.606072  -0.320092  -0.721348  0.614165  0.459644  -0.913005  0.0618178  -0.403237  0.419539
0.257361  -0.688629  -0.677906  -0.606335  -0.322956  -0.722492  0.611313  0.457866  -0.910749  0.0616059  -0.408338  0.416899
0.257361  -0.688629  -0.677906  -0.606335  -0.322956  -0.722492  0.611313  0.457866  -0.910749  0.0616059  -0.408338  0.416899
0.257361  -0.688629  -0.677906  -0.606335  -0.322956  -0.722492  0.611313  0.457866  -0.910749  0.0616059  -0.408338  0.416899
0.261394  -0.687486  -0.677523  -0.60661  -0.325521  -0.723593  0.608645  0.456203  -0.908686  0.0614516  -0.412933  0.414521
0.261394  -0.687486  -0.677523  -0.60661  -0.325521  -0.723593  0.608645  0.456203  -0.908686  0.0614516  -0.412933  0.414521
0.265874  -0.686285  -0.676996  -0.606849  -0.328414  -0.724745  0.605713  0.454403  -0.906342  0.0612916  -0.418077  0.411861
0.265874  -0.686285  -0.676996  -0.606849  -0.328414  -0.724745  0.605713  0.454403  -0.906342  0.0612916  -0.418077  0.411861
0.265874  -0.686285  -0.676996  -0.606849  -0.328414  -0.724745  0.605713  0.454403  -0.906342  0.0612916  -0.418077  0.411861
0.270435  -0.684912  -0.67658  -0.607179  -0.331182  -0.726059  0.602624  0.452451  -0.903982  0.0611004  -0.423183  0.409214
0.270435  -0.684912  -0.67658  -0.607179  -0.331182  -0.726059  0.602624  0.452451  -0.903982  0.0611004  -0.423183  0.409214
0.274836  -0.683618  -0.676115  -0.607462  -0.333842  -0.727294  0.599661  0.450579  -0.901673  0.0609069  -0.428107  0.406659
0.274836  -0.683618  -0.676115  -0.607462  -0.333842  -0.727294  0.599661  0.450579  -0.901673  0.0609069  -0.428107  0.406659
0.274836  -0.683618  -0.676115  -0.607462  -0.333842  -0.727294  0.599661  0.450579  -0.901673  0.0609069  -0.428107  0.406659
0.27889  -0.682183  -0.675905  -0.607872  -0.336119  -0.728653  0.596732  0.448675  -0.89958  0.0607622  -0.432508  0.404374
0.27889  -0.682183  -0.675905  -0.607872  -0.336119  -0.728653  0.596732  0.448675  -0.89958  0.0607622  -0.432508  0.404374
0.283336  -0.680841  -0.675408  -0.608137  -0.338815  -0.729917  0.593654  0.446763  -0.897176  0.0606342  -0.437491  0.401797
0.283336  -0.680841  -0.675408  -0.608137  -0.338815  -0.729917  0.593654  0.446763  -0.897176  0.0606342  -0.437491  0.401797
0.283336  -0.680841  -0.675408  -0.608137  -0.338815  -0.729917  0.593654  0.446763  -0.897176  0.0606342  -0.437491  0.401797
0.287701  -0.679575  -0.674837  -0.608337  -0.341537  -0.731102  0.590629  0.444919  -0.894752  0.0605568  -0.442439  0.399249
0.287701  -0.679575  -0.674837  -0.608337  -0.341537  -0.731102  0.590629  0.444919  -0.894752  0.0605568  -0.442439  0.399249
0.291545  -0.678481  -0.674289  -0.608482  -0.343964  -0.732121  0.587952  0.443306  -0.892575  0.0605167  -0.446819  0.396999
0.291545  -0.678481  -0.674289  -0.608482  -0.343964  -0.732121  0.587952  0.443306  -0.892575  0.0605167  -0.446819  0.396999
0.291545  -0.678481  -0.674289  -0.608482  -0.343964  -0.732121  0.587952  0.443306  -0.892575  0.0605167  -0.446819  0.396999
0.295772  -0.677293  -0.673641  -0.608625  -0.346547  -0.733229  0.585047  0.441535  -0.890182  0.0604077  -0.451582  0.394537
0.295772  -0.677293  -0.673641  -0.608625  -0.346547  -0.733229  0.585047  0.441535  -0.890182  0.0604077  -0.451582  0.394537
0.300048  -0.676124  -0.672925  -0.608731  -0.349197  -0.734314  0.582103  0.43976  -0.887712  0.060325  -0.45643  0.392032
0.300048  -0.676124  -0.672925  -0.608731  -0.349197  -0.734314  0.582103  0.43976  -0.887712  0.060325  -0.45643  0.392032
0.300048  -0.676124  -0.672925  -0.608731  -0.349197  -0.734314  0.582103  0.43976  -0.887712  0.060325  -0.45643  0.392032
0.303896  -0.675085  -0.672241  -0.608807  -0.35151  -0.73528  0.579486  0.438166  -0.885488  0.0601955  -0.460747  0.38979
0.303896  -0.675085  -0.672241  -0.608807  -0.35151  -0.73528  0.579486  0.438166  -0.885488  0.0601955  -0.460747  0.38979
0.308129  -0.673963  -0.671439  -0.60887  -0.354004  -0.736323  0.576636  0.436415  -0.883028  0.0600142  -0.465468  0.387331
0.308129  -0.673963  -0.671439  -0.60887  -0.354004  -0.736323  0.576636  0.436415  -0.883028  0.0600142  -0.465468  0.387331
0.308129  -0.673963  -0.671439  -0.60887  -0.354004  -0.736323  0.576636  0.436415  -0.883028  0.0600142  -0.465468  0.387331
0.312253  -0.672974  -0.670526  -0.608844  -0.356507  -0.737242  0.573914  0.434779  -0.880568  0.0598413  -0.470126  0.384905
0.312253  -0.672974  -0.670526  -0.608844  -0.356507  -0.737242  0.573914  0.434779  -0.880568  0.0598413  -0.470126  0.384905
0.316591  -0.671738  -0.66973  -0.60893  -0.358979  -0.738381  0.5709  0.432917  -0.878011  0.0596771  -0.474905  0.382413
0.316591  -0.671738  -0.66973  -0.60893  -0.358979  -0.738381  0.5709  0.432917  -0.878011  0.0596771  -0.474905  0.382413
0.316591  -0.671738  -0.66973  -0.60893  -0.358979  -0.738381  0.5709  0.432917  -0.878011  0.0596771  -0.474905  0.382413
0.321091  -0.670337  -0.668991  -0.609079  -0.361454  -0.739665  0.567668  0.430895  -0.875358  0.0595369  -0.479796  0.37987
0.321091  -0.670337  -0.668991  -0.609079  -0.361454  -0.739665  0.567668  0.430895  -0.875358  0.0595369  -0.479796  0.37987
0.325235  -0.668815  -0.668513  -0.609353  -0.363531  -0.741051  0.564525  0.42886  -0.872965  0.0594216  -0.484151  0.377604
0.325235  -0.668815  -0.668513  -0.609353  -0.363531  -0.741051  0.564525  0.42886  -0.872965  0.0594216  -0.484151  0.377604
0.325235  -0.668815  -0.668513  -0.609353  -0.363531  -0.741051  0.564525  0.42886  -0.872965  0.0594216  -0.484151  0.377604
0.329672  -0.667402  -0.667751  -0.609491  -0.365844  -0.742338  0.561331  0.426831  -0.87033  0.0592379  -0.488893  0.375126
0.329672  -0.667402  -0.667751  -0.609491  -0.365844  -0.742338  0.561331  0.426831  -0.87033  0.0592379  -0.488893  0.375126
0.334166  -0.665868  -0.667048  -0.609684  -0.368049  -0.74373  0.558037  0.424699  -0.867683  0.0590297  -0.493602  0.372656
0.334166  -0.665868  -0.667048  -0.609684  -0.368049  -0.74373  0.558037  0.424699  -0.867683  0.0590297  -0.493602  0.372656
0.334166  -0.665868  -0.667048  -0.609684  -0.368049  -0.74373  0.558037  0.424699  -0.867683  0.0590297  -0.493602  0.372656
0.338124  -0.664496  -0.666421  -0.609846  -0.370015  -0.744967  0.55508  0.42281  -0.86531  0.0589002  -0.497765  0.37048
0.338124  -0.664496  -0.666421  -0.609846  -0.370015  -0.744967  0.55508  0.42281  -0.86531  0.0589002  -0.497765  0.37048
0.342645  -0.663013  -0.665588  -0.60996  -0.372295  -0.7463  0.551755  0.420703  -0.862549  0.0587394  -0.502552  0.367975
0.342645  -0.663013  -0.665588  -0.60996  -0.372295  -0.7463  0.551755  0.420703  -0.862549  0.0587394  -0.502552  0.367975
0.342645  -0.663013  -0.665588  -0.60996  -0.372295  -0.7463  0.551755  0.420703  -0.862549  0.0587394  -0.502552  0.367975
0.346998  -0.661803  -0.664537  -0.609911  -0.374604  -0.747389  0.548708  0.418814  -0.859804  0.0585373  -0.507257  0.365506
0.346998  -0.661803  -0.664537  -0.609911  -0.374604  -0.747389  0.548708  0.418814  -0.859804  0.0585373  -0.507257  0.365506
0.351373  -0.660495  -0.663538  -0.609906  -0.376783  -0.748563  0.545607  0.416851  -0.857071  0.0582984  -0.511889  0.363066
0.351373  -0.660495  -0.663538  -0.609906  -0.376783  -0.748563  0.545607  0.416851  -0.857071  0.0582984  -0.511889  0.363066
0.351373  -0.660495  -0.663538  -0.609906  -0.376783  -0.748563  0.545607  0.416851  -0.857071  0.0582984  -0.511889  0.363066
0.355474  -0.659147  -0.662694  -0.609963  -0.378774  -0.749763  0.542573  0.414918  -0.854499  0.058141  -0.516189  0.360811
0.355474  -0.659147  -0.662694  -0.609963  -0.378774  -0.749763  0.542573  0.414918  -0.854499  0.058141  -0.516189  0.360811
0.359904  -0.657976  -0.661466  -0.609816  -0.38113  -0.750806  0.539472  0.413029  -0.851592  0.0579466  -0.520992  0.358288
0.359904  -0.657976  -0.661466  -0.609816  -0.38113  -0.750806  0.539472  0.413029  -0.851592  0.0579466  -0.520992  0.358288
0.359904  -0.657976  -0.661466  -0.609816  -0.38113  -0.750806  0.539472  0.413029  -0.851592  0.0579466  -0.520992  0.358288
0.364431  -0.656644  -0.66031  -0.609737  -0.383369  -0.751989  0.536229  0.410995  -0.848657  0.0577235  -0.525785  0.355768
0.364431  -0.656644  -0.66031  -0.609737  -0.383369  -0.751989  0.536229  0.410995  -0.848657  0.0577235  -0.525785  0.355768
0.368947  -0.655189  -0.659246  -0.609722  -0.385433  -0.753276  0.532932  0.408869  -0.845766  0.0574717  -0.53045  0.35331
0.368947  -0.655189  -0.659246  -0.609722  -0.385433  -0.753276  0.532932  0.408869  -0.845766  0.0574717  -0.53045  0.35331
0.368947  -0.655189  -0.659246  -0.609722  -0.385433  -0.753276  0.532932  0.408869  -0.845766  0.0574717  -0.53045  0.35331
0.373395  -0.653745  -0.658175  -0.609699  -0.387463  -0.754547  0.529653  0.406766  -0.842881  0.0572488  -0.535046  0.350886
0.373395  -0.653745  -0.658175  -0.609699  -0.387463  -0.754547  0.529653  0.406766  -0.842881  0.0572488  -0.535046  0.350886
0.377559  -0.652432  -0.657101  -0.609632  -0.389396  -0.755697  0.526587  0.404825  -0.840131  0.0570552  -0.539374  0.348604
0.377559  -0.652432  -0.657101  -0.609632  -0.389396  -0.755697  0.526587  0.404825  -0.840131  0.0570552  -0.539374  0.348604
0.377559  -0.652432  -0.657101  -0.609632  -0.389396  -0.755697  0.526587  0.404825  -0.840131  0.0570552  -0.539374  0.348604
0.382116  -0.651112  -0.655774  -0.609465  -0.391579  -0.756851  0.5233  0.402773  -0.83705  0.0568262  -0.544167  0.346072
0.382116  -0.651112  -0.655774  -0.609465  -0.391579  -0.756851  0.5233  0.402773  -0.83705  0.0568262  -0.544167  0.346072
0.386577  -0.649869  -0.654392  -0.609252  -0.393722  -0.757937  0.520111  0.400791  -0.833991  0.0565857  -0.548868  0.343584
0.386577  -0.649869  -0.654392  -0.609252  -0.393722  -0.757937  0.520111  0.400791  -0.833991  0.0565857  -0.548868  0.343584
0.386577  -0.649869  -0.654392  -0.609252  -0.393722  -0.757937  0.520111  0.400791  -0.833991  0.0565857  -0.548868  0.343584
0.390607  -0.648632  -0.653225  -0.609117  -0.395549  -0.759011  0.517149  0.398922  -0.831244  0.0563809  -0.553041  0.341376
0.390607  -0.648632  -0.653225  -0.609117  -0.395549  -0.759011  0.517149  0.398922  -0.831244  0.0563809  -0.553041  0.341376
0.39515  -0.647427  -0.651686  -0.60882  -0.397804  -0.760053  0.513879  0.39694  -0.828015  0.056184  -0.557884  0.33882
0.39515  -0.647427  -0.651686  -0.60882  -0.397804  -0.760053  0.513879  0.39694  -0.828015  0.056184  -0.557884  0.33882
0.39515  -0.647427  -0.651686  -0.60882  -0.397804  -0.760053  0.513879  0.39694  -0.828015  0.056184  -0.557884  0.33882
0.399582  -0.646404  -0.649997  -0.608409  -0.400171  -0.760935  0.510726  0.395093  -0.824741  0.0560327  -0.562728  0.33627
0.399582  -0.646404  -0.649997  -0.608409  -0.400171  -0.760935  0.510726  0.395093  -0.824741  0.0560327  -0.562728  0.33627
0.403699  -0.645161  -0.648687  -0.608201  -0.402034  -0.762003  0.507662  0.393182  -0.821825  0.0558515  -0.566996  0.334014
0.403699  -0.645161  -0.648687  -0.608201  -0.402034  -0.762003  0.507662  0.393182  -0.821825  0.0558515  -0.566996  0.334014
0.403699  -0.645161  -0.648687  -0.608201  -0.402034  -0.762003  0.507662  0.393182  -0.821825  0.0558515  -0.566996  0.334014
0.408068  -0.644095  -0.64701  -0.607801  -0.404214  -0.762919  0.504545  0.391316  -0.818591  0.0556419  -0.571675  0.331537
0.408068  -0.644095  -0.64701  -0.607801  -0.404214  -0.762919  0.504545  0.391316  -0.818591  0.0556419  -0.571675  0.331537
0.412593  -0.642802  -0.645425  -0.607487  -0.406309  -0.764022  0.501181  0.389253  -0.815279  0.0554577  -0.576406  0.329034
0.412593  -0.642802  -0.645425  -0.607487  -0.406309  -0.764022  0.501181  0.389253  -0.815279  0.0554577  -0.576406  0.329034
0.412593  -0.642802  -0.645425  -0.607487  -0.406309  -0.764022  0.501181  0.389253  -0.815279  0.0554577  -0.576406  0.329034
0.417303  -0.641426  -0.643762  -0.60716  -0.408394  -0.765194  0.497686  0.38708  -0.811833  0.0552229  -0.581273  0.32645
0.417303  -0.641426  -0.643762  -0.60716  -0.408394  -0.765194  0.497686  0.38708  -0.811833  0.0552229  -0.581273  0.32645
0.421743  -0.639728  -0.642558  -0.607092  -0.409921  -0.766633  0.494205  0.384768  -0.808763  0.054971  -0.58556  0.324165
0.421743  -0.639728  -0.642558  -0.607092  -0.409921  -0.766633  0.494205  0.384768  -0.808763  0.054971  -0.58556  0.324165
0.421743  -0.639728  -0.642558  -0.607092  -0.409921  -0.766633  0.494205  0.384768  -0.808763  0.054971  -0.58556  0.324165
0.426428  -0.638102  -0.641081  -0.606894  -0.411661  -0.768006  0.490613  0.38243  -0.805416  0.054697  -0.590181  0.3217
0.426428  -0.638102  -0.641081  -0.606894  -0.411661  -0.768006  0.490613  0.38243  -0.805416  0.054697  -0.590181  0.3217
0.431358  -0.636231  -0.639641  -0.606764  -0.413317  -0.769578  0.486743  0.379867  -0.801934  0.0544139  -0.594929  0.31916
0.431358  -0.636231  -0.639641  -0.606764  -0.413317  -0.769578  0.486743  0.379867  -0.801934  0.0544139  -0.594929  0.31916
0.431358  -0.636231  -0.639641  -0.606764  -0.413317  -0.769578  0.486743  0.379867  -0.801934  0.0544139  -0.594929  0.31916
0.43583  -0.634568  -0.63826  -0.606602  -0.414821  -0.770968  0.483251  0.37756  -0.798734  0.0541487  -0.599243  0.316851
0.43583  -0.634568  -0.63826  -0.606602  -0.414821  -0.770968  0.483251  0.37756  -0.798734  0.0541487  -0.599243  0.316851
0.440799  -0.632717  -0.636683  -0.606397  -0.416458  -0.772509  0.479367  0.374991  -0.795147  0.0538467  -0.604021  0.314293
0.440799  -0.632717  -0.636683  -0.606397  -0.416458  -0.772509  0.479367  0.374991  -0.795147  0.0538467  -0.604021  0.314293
0.440799  -0.632717  -0.636683  -0.606397  -0.416458  -0.772509  0.479367  0.374991  -0.795147  0.0538467  -0.604021  0.314293
0.445447  -0.631212  -0.634939  -0.606039  -0.418168  -0.77376  0.475848  0.372728  -0.791652  0.0535458  -0.608622  0.311825
0.445447  -0.631212  -0.634939  -0.606039  -0.418168  -0.77376  0.475848  0.372728  -0.791652  0.0535458  -0.608622  0.311825
0.450301  -0.629555  -0.633158  -0.605697  -0.419863  -0.775129  0.472112  0.370308  -0.788  0.0532468  -0.613369  0.309276
0.450301  -0.629555  -0.633158  -0.605697  -0.419863  -0.775129  0.472112  0.370308  -0.788  0.0532468  -0.613369  0.309276
0.450301  -0.629555  -0.633158  -0.605697  -0.419863  -0.775129  0.472112  0.370308  -0.788  0.0532468  -0.613369  0.309276
0.454768  -0.627865  -0.631642  -0.605462  -0.421246  -0.776517  0.468586  0.367973  -0.784689  0.0529785  -0.617621  0.306994
0.454768  -0.627865  -0.631642  -0.605462  -0.421246  -0.776517  0.468586  0.367973  -0.784689  0.0529785  -0.617621  0.306994
0.459659  -0.626083  -0.629868  -0.605134  -0.422784  -0.777976  0.464766  0.365455  -0.781004  0.0526639  -0.622301  0.304479
0.459659  -0.626083  -0.629868  -0.605134  -0.422784  -0.777976  0.464766  0.365455  -0.781004  0.0526639  -0.622301  0.304479
0.459659  -0.626083  -0.629868  -0.605134  -0.422784  -0.777976  0.464766  0.365455  -0.781004  0.0526639  -0.622301  0.304479
0.464435  -0.624367  -0.628065  -0.604773  -0.424287  -0.779374  0.461038  0.363007  -0.777355  0.0523578  -0.62688  0.302019
0.464435  -0.624367  -0.628065  -0.604773  -0.424287  -0.779374  0.461038  0.363007  -0.777355  0.0523578  -0.62688  0.302019
0.468989  -0.622454  -0.626578  -0.604582  -0.425442  -0.780921  0.457341  0.360502  -0.773982  0.052085  -0.631062  0.299767
0.468989  -0.622454  -0.626578  -0.604582  -0.425442  -0.780921  0.457341  0.360502  -0.773982  0.052085  -0.631062  0.299767
0.468989  -0.622454  -0.626578  -0.604582  -0.425442  -0.780921  0.457341  0.360502  -0.773982  0.052085  -0.631062  0.299767
0.473787  -0.620706  -0.6247  -0.604186  -0.426892  -0.782331  0.453566  0.358022  -0.770253  0.0517859  -0.635632  0.297306
0.473787  -0.620706  -0.6247  -0.604186  -0.426892  -0.782331  0.453566  0.358022  -0.770253  0.0517859  -0.635632  0.297306
0.47872  -0.618894  -0.622734  -0.603754  -0.428328  -0.783787  0.449681  0.355454  -0.766395  0.0514633  -0.640304  0.294795
0.47872  -0.618894  -0.622734  -0.603754  -0.428328  -0.783787  0.449681  0.355454  -0.766395  0.0514633  -0.640304  0.294795
0.47872  -0.618894  -0.622734  -0.603754  -0.428328  -0.783787  0.449681  0.355454  -0.766395  0.0514633  -0.640304  0.294795
0.483392  -0.617372  -0.620632  -0.603189  -0.429851  -0.785007  0.446085  0.353132  -0.762601  0.0511457  -0.644844  0.292361
0.483392  -0.617372  -0.620632  -0.603189  -0.429851  -0.785007  0.446085  0.353132  -0.762601  0.0511457  -0.644844  0.292361
0.48802  -0.615765  -0.618603  -0.602682  -0.431253  -0.786288  0.442463  0.350781  -0.758853  0.0508432  -0.649275  0.289967
0.48802  -0.615765  -0.618603  -0.602682  -0.431253  -0.786288  0.442463  0.350781  -0.758853  0.0508432  -0.649275  0.289967
0.48802  -0.615765  -0.618603  -0.602682  -0.431253  -0.786288  0.442463  0.350781  -0.758853  0.0508432  -0.649275  0.289967
0.492416  -0.614147  -0.616725  -0.602236  -0.432494  -0.787569  0.438957  0.348487  -0.755298  0.0505807  -0.653427  0.287726
0.492416  -0.614147  -0.616725  -0.602236  -0.432494  -0.787569  0.438957  0.348487  -0.755298  0.0505807  -0.653427  0.287726
0.496958  -0.612822  -0.614395  -0.601533  -0.434069  -0.788621  0.435502  0.346319  -0.75141  0.0502633  -0.657918  0.285295
0.496958  -0.612822  -0.614395  -0.601533  -0.434069  -0.788621  0.435502  0.346319  -0.75141  0.0502633  -0.657918  0.285295
0.496958  -0.612822  -0.614395  -0.601533  -0.434069  -0.788621  0.435502  0.346319  -0.75141  0.0502633  -0.657918  0.285295
0.501499  -0.611304  -0.612214  -0.600929  -0.435425  -0.789818  0.431963  0.344032  -0.747599  0.0499443  -0.66227  0.282934
0.501499  -0.611304  -0.612214  -0.600929  -0.435425  -0.789818  0.431963  0.344032  -0.747599  0.0499443  -0.66227  0.282934
0.505935  -0.609928  -0.609933  -0.600252  -0.436867  -0.7909  0.428515  0.341858  -0.743759  0.0496589  -0.666601  0.280586
0.505935  -0.609928  -0.609933  -0.600252  -0.436867  -0.7909  0.428515  0.341858  -0.743759  0.0496589  -0.666601  0.280586
