0.139205,0.381121,0.913985,0.083499,0.747812,0.564582,-0.34932,0.12912,-0.649153,0.732116,-0.206414,0.28228
0.139205,0.381121,0.913985,0.083499,0.747812,0.564582,-0.34932,0.12912,-0.649153,0.732116,-0.206414,0.28228
0.139205,0.381121,0.913985,0.083499,0.747812,0.564582,-0.34932,0.12912,-0.649153,0.732116,-0.206414,0.28228
0.139205,0.381121,0.913985,0.083499,0.747812,0.564582,-0.34932,0.12912,-0.649153,0.732116,-0.206414,0.28228
0.139205,0.381121,0.913985,0.083499,0.747812,0.564582,-0.34932,0.12912,-0.649153,0.732116,-0.206414,0.28228
0.139205,0.381121,0.913985,0.083499,0.747812,0.564582,-0.34932,0.12912,-0.649153,0.732116,-0.206414,0.28228
0.139205,0.381121,0.913985,0.083499,0.747812,0.564582,-0.34932,0.12912,-0.649153,0.732116,-0.206414,0.28228
0.139205,0.381121,0.913985,0.083499,0.747812,0.564582,-0.34932,0.12912,-0.649153,0.732116,-0.206414,0.28228
0.139225,0.380821,0.914107,0.083537,0.747628,0.564896,-0.349207,0.12914,-0.649361,0.73203,-0.206065,0.28237
0.139225,0.380821,0.914107,0.083537,0.747628,0.564896,-0.349207,0.12914,-0.649361,0.73203,-0.206065,0.28237
0.139225,0.380821,0.914107,0.083537,0.747628,0.564896,-0.349207,0.12914,-0.649361,0.73203,-0.206065,0.28237
0.139225,0.380821,0.914107,0.083537,0.747628,0.564896,-0.349207,0.12914,-0.649361,0.73203,-0.206065,0.28237
0.139225,0.380821,0.914107,0.083537,0.747628,0.564896,-0.349207,0.12914,-0.649361,0.73203,-0.206065,0.28237
0.139225,0.380821,0.914107,0.083537,0.747628,0.564896,-0.349207,0.12914,-0.649361,0.73203,-0.206065,0.28237
0.139225,0.380821,0.914107,0.083537,0.747628,0.564896,-0.349207,0.12914,-0.649361,0.73203,-0.206065,0.28237
0.139225,0.380821,0.914107,0.083537,0.747628,0.564896,-0.349207,0.12914,-0.649361,0.73203,-0.206065,0.28237
0.139011,0.381775,0.913742,0.083384,0.748344,0.563816,-0.349419,0.12907,-0.648581,0.732366,-0.207322,0.28199
0.139011,0.381775,0.913742,0.083384,0.748344,0.563816,-0.349419,0.12907,-0.648581,0.732366,-0.207322,0.28199
0.139011,0.381775,0.913742,0.083384,0.748344,0.563816,-0.349419,0.12907,-0.648581,0.732366,-0.207322,0.28199
0.139011,0.381775,0.913742,0.083384,0.748344,0.563816,-0.349419,0.12907,-0.648581,0.732366,-0.207322,0.28199
0.139011,0.381775,0.913742,0.083384,0.748344,0.563816,-0.349419,0.12907,-0.648581,0.732366,-0.207322,0.28199
0.139011,0.381775,0.913742,0.083384,0.748344,0.563816,-0.349419,0.12907,-0.648581,0.732366,-0.207322,0.28199
0.139011,0.381775,0.913742,0.083384,0.748344,0.563816,-0.349419,0.12907,-0.648581,0.732366,-0.207322,0.28199
0.139011,0.381775,0.913742,0.083384,0.748344,0.563816,-0.349419,0.12907,-0.648581,0.732366,-0.207322,0.28199
0.138893,0.382401,0.913498,0.083289,0.748794,0.563119,-0.349579,0.12903,-0.648087,0.732575,-0.208127,0.28175
0.138893,0.382401,0.913498,0.083289,0.748794,0.563119,-0.349579,0.12903,-0.648087,0.732575,-0.208127,0.28175
0.138893,0.382401,0.913498,0.083289,0.748794,0.563119,-0.349579,0.12903,-0.648087,0.732575,-0.208127,0.28175
0.138893,0.382401,0.913498,0.083289,0.748794,0.563119,-0.349579,0.12903,-0.648087,0.732575,-0.208127,0.28175
0.138893,0.382401,0.913498,0.083289,0.748794,0.563119,-0.349579,0.12903,-0.648087,0.732575,-0.208127,0.28175
0.138893,0.382401,0.913498,0.083289,0.748794,0.563119,-0.349579,0.12903,-0.648087,0.732575,-0.208127,0.28175
0.138893,0.382401,0.913498,0.083289,0.748794,0.563119,-0.349579,0.12903,-0.648087,0.732575,-0.208127,0.28175
0.138893,0.382401,0.913498,0.083289,0.748794,0.563119,-0.349579,0.12903,-0.648087,0.732575,-0.208127,0.28175
0.138872,0.3827,0.913376,0.083243,0.749043,0.562732,-0.349668,0.12901,-0.647804,0.732716,-0.208512,0.28164
0.138872,0.3827,0.913376,0.083243,0.749043,0.562732,-0.349668,0.12901,-0.647804,0.732716,-0.208512,0.28164
0.138872,0.3827,0.913376,0.083243,0.749043,0.562732,-0.349668,0.12901,-0.647804,0.732716,-0.208512,0.28164
0.138872,0.3827,0.913376,0.083243,0.749043,0.562732,-0.349668,0.12901,-0.647804,0.732716,-0.208512,0.28164
0.138872,0.3827,0.913376,0.083243,0.749043,0.562732,-0.349668,0.12901,-0.647804,0.732716,-0.208512,0.28164
0.138872,0.3827,0.913376,0.083243,0.749043,0.562732,-0.349668,0.12901,-0.647804,0.732716,-0.208512,0.28164
0.138872,0.3827,0.913376,0.083243,0.749043,0.562732,-0.349668,0.12901,-0.647804,0.732716,-0.208512,0.28164
0.138872,0.3827,0.913376,0.083243,0.749043,0.562732,-0.349668,0.12901,-0.647804,0.732716,-0.208512,0.28164
0.138713,0.383341,0.913131,0.083142,0.749501,0.562036,-0.349804,0.12897,-0.647307,0.732915,-0.209352,0.28138
0.138713,0.383341,0.913131,0.083142,0.749501,0.562036,-0.349804,0.12897,-0.647307,0.732915,-0.209352,0.28138
0.138713,0.383341,0.913131,0.083142,0.749501,0.562036,-0.349804,0.12897,-0.647307,0.732915,-0.209352,0.28138
0.138713,0.383341,0.913131,0.083142,0.749501,0.562036,-0.349804,0.12897,-0.647307,0.732915,-0.209352,0.28138
0.138713,0.383341,0.913131,0.083142,0.749501,0.562036,-0.349804,0.12897,-0.647307,0.732915,-0.209352,0.28138
0.138713,0.383341,0.913131,0.083142,0.749501,0.562036,-0.349804,0.12897,-0.647307,0.732915,-0.209352,0.28138
0.138713,0.383341,0.913131,0.083142,0.749501,0.562036,-0.349804,0.12897,-0.647307,0.732915,-0.209352,0.28138
0.138713,0.383341,0.913131,0.083142,0.749501,0.562036,-0.349804,0.12897,-0.647307,0.732915,-0.209352,0.28138
0.1386,0.383867,0.912927,0.083059,0.74989,0.561444,-0.349923,0.12893,-0.646881,0.733094,-0.210042,0.28118
0.1386,0.383867,0.912927,0.083059,0.74989,0.561444,-0.349923,0.12893,-0.646881,0.733094,-0.210042,0.28118
0.1386,0.383867,0.912927,0.083059,0.74989,0.561444,-0.349923,0.12893,-0.646881,0.733094,-0.210042,0.28118
0.1386,0.383867,0.912927,0.083059,0.74989,0.561444,-0.349923,0.12893,-0.646881,0.733094,-0.210042,0.28118
0.1386,0.383867,0.912927,0.083059,0.74989,0.561444,-0.349923,0.12893,-0.646881,0.733094,-0.210042,0.28118
0.1386,0.383867,0.912927,0.083059,0.74989,0.561444,-0.349923,0.12893,-0.646881,0.733094,-0.210042,0.28118
0.1386,0.383867,0.912927,0.083059,0.74989,0.561444,-0.349923,0.12893,-0.646881,0.733094,-0.210042,0.28118
0.1386,0.383867,0.912927,0.083059,0.74989,0.561444,-0.349923,0.12893,-0.646881,0.733094,-0.210042,0.28118
0.138471,0.384593,0.912641,0.082943,0.750401,0.560642,-0.350113,0.12888,-0.646316,0.733327,-0.210966,0.2809
0.138471,0.384593,0.912641,0.082943,0.750401,0.560642,-0.350113,0.12888,-0.646316,0.733327,-0.210966,0.2809
0.138471,0.384593,0.912641,0.082943,0.750401,0.560642,-0.350113,0.12888,-0.646316,0.733327,-0.210966,0.2809
0.138471,0.384593,0.912641,0.082943,0.750401,0.560642,-0.350113,0.12888,-0.646316,0.733327,-0.210966,0.2809
0.138471,0.384593,0.912641,0.082943,0.750401,0.560642,-0.350113,0.12888,-0.646316,0.733327,-0.210966,0.2809
0.138471,0.384593,0.912641,0.082943,0.750401,0.560642,-0.350113,0.12888,-0.646316,0.733327,-0.210966,0.2809
0.138471,0.384593,0.912641,0.082943,0.750401,0.560642,-0.350113,0.12888,-0.646316,0.733327,-0.210966,0.2809
0.138471,0.384593,0.912641,0.082943,0.750401,0.560642,-0.350113,0.12888,-0.646316,0.733327,-0.210966,0.2809
0.138356,0.385119,0.912437,0.082847,0.750789,0.560049,-0.350229,0.12883,-0.645889,0.733504,-0.211657,0.28067
0.138356,0.385119,0.912437,0.082847,0.750789,0.560049,-0.350229,0.12883,-0.645889,0.733504,-0.211657,0.28067
0.138356,0.385119,0.912437,0.082847,0.750789,0.560049,-0.350229,0.12883,-0.645889,0.733504,-0.211657,0.28067
0.138356,0.385119,0.912437,0.082847,0.750789,0.560049,-0.350229,0.12883,-0.645889,0.733504,-0.211657,0.28067
0.138356,0.385119,0.912437,0.082847,0.750789,0.560049,-0.350229,0.12883,-0.645889,0.733504,-0.211657,0.28067
0.138356,0.385119,0.912437,0.082847,0.750789,0.560049,-0.350229,0.12883,-0.645889,0.733504,-0.211657,0.28067
0.138356,0.385119,0.912437,0.082847,0.750789,0.560049,-0.350229,0.12883,-0.645889,0.733504,-0.211657,0.28067
0.138356,0.385119,0.912437,0.082847,0.750789,0.560049,-0.350229,0.12883,-0.645889,0.733504,-0.211657,0.28067
0.138279,0.385631,0.912232,0.08277,0.751169,0.559455,-0.350365,0.12879,-0.645464,0.733689,-0.212313,0.28048
0.138279,0.385631,0.912232,0.08277,0.751169,0.559455,-0.350365,0.12879,-0.645464,0.733689,-0.212313,0.28048
0.138279,0.385631,0.912232,0.08277,0.751169,0.559455,-0.350365,0.12879,-0.645464,0.733689,-0.212313,0.28048
0.138279,0.385631,0.912232,0.08277,0.751169,0.559455,-0.350365,0.12879,-0.645464,0.733689,-0.212313,0.28048
0.138279,0.385631,0.912232,0.08277,0.751169,0.559455,-0.350365,0.12879,-0.645464,0.733689,-0.212313,0.28048
0.138279,0.385631,0.912232,0.08277,0.751169,0.559455,-0.350365,0.12879,-0.645464,0.733689,-0.212313,0.28048
0.138279,0.385631,0.912232,0.08277,0.751169,0.559455,-0.350365,0.12879,-0.645464,0.733689,-0.212313,0.28048
0.138279,0.385631,0.912232,0.08277,0.751169,0.559455,-0.350365,0.12879,-0.645464,0.733689,-0.212313,0.28048
0.138224,0.386329,0.911945,0.082667,0.751598,0.558722,-0.350613,0.12873,-0.644976,0.73388,-0.213135,0.28024
0.138224,0.386329,0.911945,0.082667,0.751598,0.558722,-0.350613,0.12873,-0.644976,0.73388,-0.213135,0.28024
0.138224,0.386329,0.911945,0.082667,0.751598,0.558722,-0.350613,0.12873,-0.644976,0.73388,-0.213135,0.28024
0.138224,0.386329,0.911945,0.082667,0.751598,0.558722,-0.350613,0.12873,-0.644976,0.73388,-0.213135,0.28024
0.138224,0.386329,0.911945,0.082667,0.751598,0.558722,-0.350613,0.12873,-0.644976,0.73388,-0.213135,0.28024
0.138224,0.386329,0.911945,0.082667,0.751598,0.558722,-0.350613,0.12873,-0.644976,0.73388,-0.213135,0.28024
0.138224,0.386329,0.911945,0.082667,0.751598,0.558722,-0.350613,0.12873,-0.644976,0.73388,-0.213135,0.28024
0.138224,0.386329,0.911945,0.082667,0.751598,0.558722,-0.350613,0.12873,-0.644976,0.73388,-0.213135,0.28024
0.138146,0.386841,0.91174,0.082574,0.752042,0.558054,-0.350725,0.12868,-0.644475,0.734118,-0.213828,0.28003
0.138146,0.386841,0.91174,0.082574,0.752042,0.558054,-0.350725,0.12868,-0.644475,0.734118,-0.213828,0.28003
0.138146,0.386841,0.91174,0.082574,0.752042,0.558054,-0.350725,0.12868,-0.644475,0.734118,-0.213828,0.28003
0.138146,0.386841,0.91174,0.082574,0.752042,0.558054,-0.350725,0.12868,-0.644475,0.734118,-0.213828,0.28003
0.138146,0.386841,0.91174,0.082574,0.752042,0.558054,-0.350725,0.12868,-0.644475,0.734118,-0.213828,0.28003
0.138146,0.386841,0.91174,0.082574,0.752042,0.558054,-0.350725,0.12868,-0.644475,0.734118,-0.213828,0.28003
0.138146,0.386841,0.91174,0.082574,0.752042,0.558054,-0.350725,0.12868,-0.644475,0.734118,-0.213828,0.28003
0.138146,0.386841,0.91174,0.082574,0.752042,0.558054,-0.350725,0.12868,-0.644475,0.734118,-0.213828,0.28003
0.138089,0.387539,0.911452,0.082464,0.752471,0.557321,-0.350969,0.12861,-0.643986,0.734307,-0.214652,0.27977
0.138089,0.387539,0.911452,0.082464,0.752471,0.557321,-0.350969,0.12861,-0.643986,0.734307,-0.214652,0.27977
0.138089,0.387539,0.911452,0.082464,0.752471,0.557321,-0.350969,0.12861,-0.643986,0.734307,-0.214652,0.27977
0.138089,0.387539,0.911452,0.082464,0.752471,0.557321,-0.350969,0.12861,-0.643986,0.734307,-0.214652,0.27977
0.138089,0.387539,0.911452,0.082464,0.752471,0.557321,-0.350969,0.12861,-0.643986,0.734307,-0.214652,0.27977
0.138089,0.387539,0.911452,0.082464,0.752471,0.557321,-0.350969,0.12861,-0.643986,0.734307,-0.214652,0.27977
0.138089,0.387539,0.911452,0.082464,0.752471,0.557321,-0.350969,0.12861,-0.643986,0.734307,-0.214652,0.27977
0.138089,0.387539,0.911452,0.082464,0.752471,0.557321,-0.350969,0.12861,-0.643986,0.734307,-0.214652,0.27977
0.13804,0.388137,0.911205,0.082369,0.752903,0.55662,-0.351156,0.12856,-0.643492,0.734523,-0.215394,0.27955
0.13804,0.388137,0.911205,0.082369,0.752903,0.55662,-0.351156,0.12856,-0.643492,0.734523,-0.215394,0.27955
0.13804,0.388137,0.911205,0.082369,0.752903,0.55662,-0.351156,0.12856,-0.643492,0.734523,-0.215394,0.27955
0.13804,0.388137,0.911205,0.082369,0.752903,0.55662,-0.351156,0.12856,-0.643492,0.734523,-0.215394,0.27955
0.13804,0.388137,0.911205,0.082369,0.752903,0.55662,-0.351156,0.12856,-0.643492,0.734523,-0.215394,0.27955
0.13804,0.388137,0.911205,0.082369,0.752903,0.55662,-0.351156,0.12856,-0.643492,0.734523,-0.215394,0.27955
0.13804,0.388137,0.911205,0.082369,0.752903,0.55662,-0.351156,0.12856,-0.643492,0.734523,-0.215394,0.27955
0.13804,0.388137,0.911205,0.082369,0.752903,0.55662,-0.351156,0.12856,-0.643492,0.734523,-0.215394,0.27955
0.138028,0.388721,0.910958,0.082282,0.753262,0.55599,-0.351385,0.1285,-0.643074,0.734691,-0.216067,0.27935
0.138028,0.388721,0.910958,0.082282,0.753262,0.55599,-0.351385,0.1285,-0.643074,0.734691,-0.216067,0.27935
0.138028,0.388721,0.910958,0.082282,0.753262,0.55599,-0.351385,0.1285,-0.643074,0.734691,-0.216067,0.27935
0.138028,0.388721,0.910958,0.082282,0.753262,0.55599,-0.351385,0.1285,-0.643074,0.734691,-0.216067,0.27935
0.138028,0.388721,0.910958,0.082282,0.753262,0.55599,-0.351385,0.1285,-0.643074,0.734691,-0.216067,0.27935
0.138028,0.388721,0.910958,0.082282,0.753262,0.55599,-0.351385,0.1285,-0.643074,0.734691,-0.216067,0.27935
0.138028,0.388721,0.910958,0.082282,0.753262,0.55599,-0.351385,0.1285,-0.643074,0.734691,-0.216067,0.27935
0.138028,0.388721,0.910958,0.082282,0.753262,0.55599,-0.351385,0.1285,-0.643074,0.734691,-0.216067,0.27935
0.138008,0.389405,0.910669,0.08218,0.753682,0.555255,-0.351646,0.12844,-0.642586,0.734885,-0.216858,0.27912
0.138008,0.389405,0.910669,0.08218,0.753682,0.555255,-0.351646,0.12844,-0.642586,0.734885,-0.216858,0.27912
0.138008,0.389405,0.910669,0.08218,0.753682,0.555255,-0.351646,0.12844,-0.642586,0.734885,-0.216858,0.27912
0.138008,0.389405,0.910669,0.08218,0.753682,0.555255,-0.351646,0.12844,-0.642586,0.734885,-0.216858,0.27912
0.138008,0.389405,0.910669,0.08218,0.753682,0.555255,-0.351646,0.12844,-0.642586,0.734885,-0.216858,0.27912
0.138008,0.389405,0.910669,0.08218,0.753682,0.555255,-0.351646,0.12844,-0.642586,0.734885,-0.216858,0.27912
0.138008,0.389405,0.910669,0.08218,0.753682,0.555255,-0.351646,0.12844,-0.642586,0.734885,-0.216858,0.27912
0.138008,0.389405,0.910669,0.08218,0.753682,0.555255,-0.351646,0.12844,-0.642586,0.734885,-0.216858,0.27912
0.137996,0.389989,0.910421,0.082085,0.754105,0.554551,-0.35185,0.12837,-0.642092,0.735107,-0.217567,0.2789
0.137996,0.389989,0.910421,0.082085,0.754105,0.554551,-0.35185,0.12837,-0.642092,0.735107,-0.217567,0.2789
0.137996,0.389989,0.910421,0.082085,0.754105,0.554551,-0.35185,0.12837,-0.642092,0.735107,-0.217567,0.2789
0.137996,0.389989,0.910421,0.082085,0.754105,0.554551,-0.35185,0.12837,-0.642092,0.735107,-0.217567,0.2789
0.137996,0.389989,0.910421,0.082085,0.754105,0.554551,-0.35185,0.12837,-0.642092,0.735107,-0.217567,0.2789
0.137996,0.389989,0.910421,0.082085,0.754105,0.554551,-0.35185,0.12837,-0.642092,0.735107,-0.217567,0.2789
0.137996,0.389989,0.910421,0.082085,0.754105,0.554551,-0.35185,0.12837,-0.642092,0.735107,-0.217567,0.2789
0.137996,0.389989,0.910421,0.082085,0.754105,0.554551,-0.35185,0.12837,-0.642092,0.735107,-0.217567,0.2789
0.138013,0.390659,0.910131,0.081976,0.75458,0.55374,-0.352109,0.1283,-0.64153,0.735363,-0.21836,0.27866
0.138013,0.390659,0.910131,0.081976,0.75458,0.55374,-0.352109,0.1283,-0.64153,0.735363,-0.21836,0.27866
0.138013,0.390659,0.910131,0.081976,0.75458,0.55374,-0.352109,0.1283,-0.64153,0.735363,-0.21836,0.27866
0.138013,0.390659,0.910131,0.081976,0.75458,0.55374,-0.352109,0.1283,-0.64153,0.735363,-0.21836,0.27866
0.138013,0.390659,0.910131,0.081976,0.75458,0.55374,-0.352109,0.1283,-0.64153,0.735363,-0.21836,0.27866
0.138013,0.390659,0.910131,0.081976,0.75458,0.55374,-0.352109,0.1283,-0.64153,0.735363,-0.21836,0.27866
0.138013,0.390659,0.910131,0.081976,0.75458,0.55374,-0.352109,0.1283,-0.64153,0.735363,-0.21836,0.27866
0.138013,0.390659,0.910131,0.081976,0.75458,0.55374,-0.352109,0.1283,-0.64153,0.735363,-0.21836,0.27866
0.137999,0.391242,0.909882,0.081881,0.755003,0.553035,-0.35231,0.12824,-0.641036,0.735582,-0.219071,0.27844
0.137999,0.391242,0.909882,0.081881,0.755003,0.553035,-0.35231,0.12824,-0.641036,0.735582,-0.219071,0.27844
0.137999,0.391242,0.909882,0.081881,0.755003,0.553035,-0.35231,0.12824,-0.641036,0.735582,-0.219071,0.27844
0.137999,0.391242,0.909882,0.081881,0.755003,0.553035,-0.35231,0.12824,-0.641036,0.735582,-0.219071,0.27844
0.137999,0.391242,0.909882,0.081881,0.755003,0.553035,-0.35231,0.12824,-0.641036,0.735582,-0.219071,0.27844
0.137999,0.391242,0.909882,0.081881,0.755003,0.553035,-0.35231,0.12824,-0.641036,0.735582,-0.219071,0.27844
0.137999,0.391242,0.909882,0.081881,0.755003,0.553035,-0.35231,0.12824,-0.641036,0.735582,-0.219071,0.27844
0.137999,0.391242,0.909882,0.081881,0.755003,0.553035,-0.35231,0.12824,-0.641036,0.735582,-0.219071,0.27844
0.137985,0.391826,0.909633,0.081788,0.755361,0.552404,-0.352532,0.12817,-0.640617,0.735746,-0.219747,0.27823
0.137985,0.391826,0.909633,0.081788,0.755361,0.552404,-0.352532,0.12817,-0.640617,0.735746,-0.219747,0.27823
0.137985,0.391826,0.909633,0.081788,0.755361,0.552404,-0.352532,0.12817,-0.640617,0.735746,-0.219747,0.27823
0.137985,0.391826,0.909633,0.081788,0.755361,0.552404,-0.352532,0.12817,-0.640617,0.735746,-0.219747,0.27823
0.137985,0.391826,0.909633,0.081788,0.755361,0.552404,-0.352532,0.12817,-0.640617,0.735746,-0.219747,0.27823
0.137985,0.391826,0.909633,0.081788,0.755361,0.552404,-0.352532,0.12817,-0.640617,0.735746,-0.219747,0.27823
0.137985,0.391826,0.909633,0.081788,0.755361,0.552404,-0.352532,0.12817,-0.640617,0.735746,-0.219747,0.27823
0.137985,0.391826,0.909633,0.081788,0.755361,0.552404,-0.352532,0.12817,-0.640617,0.735746,-0.219747,0.27823
0.138,0.392496,0.909342,0.081684,0.755836,0.551593,-0.352786,0.1281,-0.640053,0.735998,-0.220542,0.278
0.138,0.392496,0.909342,0.081684,0.755836,0.551593,-0.352786,0.1281,-0.640053,0.735998,-0.220542,0.278
0.138,0.392496,0.909342,0.081684,0.755836,0.551593,-0.352786,0.1281,-0.640053,0.735998,-0.220542,0.278
0.138,0.392496,0.909342,0.081684,0.755836,0.551593,-0.352786,0.1281,-0.640053,0.735998,-0.220542,0.278
0.138,0.392496,0.909342,0.081684,0.755836,0.551593,-0.352786,0.1281,-0.640053,0.735998,-0.220542,0.278
0.138,0.392496,0.909342,0.081684,0.755836,0.551593,-0.352786,0.1281,-0.640053,0.735998,-0.220542,0.278
0.138,0.392496,0.909342,0.081684,0.755836,0.551593,-0.352786,0.1281,-0.640053,0.735998,-0.220542,0.278
0.138,0.392496,0.909342,0.081684,0.755836,0.551593,-0.352786,0.1281,-0.640053,0.735998,-0.220542,0.278
0.138054,0.393151,0.909051,0.081585,0.756237,0.550852,-0.353083,0.12803,-0.639567,0.736202,-0.221268,0.27778
0.138054,0.393151,0.909051,0.081585,0.756237,0.550852,-0.353083,0.12803,-0.639567,0.736202,-0.221268,0.27778
0.138054,0.393151,0.909051,0.081585,0.756237,0.550852,-0.353083,0.12803,-0.639567,0.736202,-0.221268,0.27778
0.138054,0.393151,0.909051,0.081585,0.756237,0.550852,-0.353083,0.12803,-0.639567,0.736202,-0.221268,0.27778
0.138054,0.393151,0.909051,0.081585,0.756237,0.550852,-0.353083,0.12803,-0.639567,0.736202,-0.221268,0.27778
0.138054,0.393151,0.909051,0.081585,0.756237,0.550852,-0.353083,0.12803,-0.639567,0.736202,-0.221268,0.27778
0.138054,0.393151,0.909051,0.081585,0.756237,0.550852,-0.353083,0.12803,-0.639567,0.736202,-0.221268,0.27778
0.138054,0.393151,0.909051,0.081585,0.756237,0.550852,-0.353083,0.12803,-0.639567,0.736202,-0.221268,0.27778
0.138068,0.393821,0.908759,0.081477,0.756647,0.550114,-0.353355,0.12795,-0.639079,0.736397,-0.22203,0.27754
0.138068,0.393821,0.908759,0.081477,0.756647,0.550114,-0.353355,0.12795,-0.639079,0.736397,-0.22203,0.27754
0.138068,0.393821,0.908759,0.081477,0.756647,0.550114,-0.353355,0.12795,-0.639079,0.736397,-0.22203,0.27754
0.138068,0.393821,0.908759,0.081477,0.756647,0.550114,-0.353355,0.12795,-0.639079,0.736397,-0.22203,0.27754
0.138068,0.393821,0.908759,0.081477,0.756647,0.550114,-0.353355,0.12795,-0.639079,0.736397,-0.22203,0.27754
0.138068,0.393821,0.908759,0.081477,0.756647,0.550114,-0.353355,0.12795,-0.639079,0.736397,-0.22203,0.27754
0.138068,0.393821,0.908759,0.081477,0.756647,0.550114,-0.353355,0.12795,-0.639079,0.736397,-0.22203,0.27754
0.138068,0.393821,0.908759,0.081477,0.756647,0.550114,-0.353355,0.12795,-0.639079,0.736397,-0.22203,0.27754
0.13809,0.394391,0.908508,0.081383,0.75706,0.549406,-0.353572,0.12788,-0.638585,0.73662,-0.22271,0.27733
0.13809,0.394391,0.908508,0.081383,0.75706,0.549406,-0.353572,0.12788,-0.638585,0.73662,-0.22271,0.27733
0.13809,0.394391,0.908508,0.081383,0.75706,0.549406,-0.353572,0.12788,-0.638585,0.73662,-0.22271,0.27733
0.13809,0.394391,0.908508,0.081383,0.75706,0.549406,-0.353572,0.12788,-0.638585,0.73662,-0.22271,0.27733
0.13809,0.394391,0.908508,0.081383,0.75706,0.549406,-0.353572,0.12788,-0.638585,0.73662,-0.22271,0.27733
0.13809,0.394391,0.908508,0.081383,0.75706,0.549406,-0.353572,0.12788,-0.638585,0.73662,-0.22271,0.27733
0.13809,0.394391,0.908508,0.081383,0.75706,0.549406,-0.353572,0.12788,-0.638585,0.73662,-0.22271,0.27733
0.13809,0.394391,0.908508,0.081383,0.75706,0.549406,-0.353572,0.12788,-0.638585,0.73662,-0.22271,0.27733
0.138143,0.395046,0.908215,0.081286,0.757461,0.548665,-0.353865,0.1278,-0.638099,0.736821,-0.223438,0.27712
0.138143,0.395046,0.908215,0.081286,0.757461,0.548665,-0.353865,0.1278,-0.638099,0.736821,-0.223438,0.27712
0.138143,0.395046,0.908215,0.081286,0.757461,0.548665,-0.353865,0.1278,-0.638099,0.736821,-0.223438,0.27712
0.138143,0.395046,0.908215,0.081286,0.757461,0.548665,-0.353865,0.1278,-0.638099,0.736821,-0.223438,0.27712
0.138143,0.395046,0.908215,0.081286,0.757461,0.548665,-0.353865,0.1278,-0.638099,0.736821,-0.223438,0.27712
0.138143,0.395046,0.908215,0.081286,0.757461,0.548665,-0.353865,0.1278,-0.638099,0.736821,-0.223438,0.27712
0.138143,0.395046,0.908215,0.081286,0.757461,0.548665,-0.353865,0.1278,-0.638099,0.736821,-0.223438,0.27712
0.138143,0.395046,0.908215,0.081286,0.757461,0.548665,-0.353865,0.1278,-0.638099,0.736821,-0.223438,0.27712
0.138194,0.395701,0.907922,0.081185,0.757861,0.547923,-0.354156,0.12773,-0.637612,0.737021,-0.224167,0.2769
0.138194,0.395701,0.907922,0.081185,0.757861,0.547923,-0.354156,0.12773,-0.637612,0.737021,-0.224167,0.2769
0.138194,0.395701,0.907922,0.081185,0.757861,0.547923,-0.354156,0.12773,-0.637612,0.737021,-0.224167,0.2769
0.138194,0.395701,0.907922,0.081185,0.757861,0.547923,-0.354156,0.12773,-0.637612,0.737021,-0.224167,0.2769
0.138194,0.395701,0.907922,0.081185,0.757861,0.547923,-0.354156,0.12773,-0.637612,0.737021,-0.224167,0.2769
0.138194,0.395701,0.907922,0.081185,0.757861,0.547923,-0.354156,0.12773,-0.637612,0.737021,-0.224167,0.2769
0.138194,0.395701,0.907922,0.081185,0.757861,0.547923,-0.354156,0.12773,-0.637612,0.737021,-0.224167,0.2769
0.138194,0.395701,0.907922,0.081185,0.757861,0.547923,-0.354156,0.12773,-0.637612,0.737021,-0.224167,0.2769
0.138255,0.396257,0.907671,0.081085,0.758328,0.547139,-0.354369,0.12765,-0.637043,0.737305,-0.224848,0.27668
0.138255,0.396257,0.907671,0.081085,0.758328,0.547139,-0.354369,0.12765,-0.637043,0.737305,-0.224848,0.27668
0.138255,0.396257,0.907671,0.081085,0.758328,0.547139,-0.354369,0.12765,-0.637043,0.737305,-0.224848,0.27668
0.138255,0.396257,0.907671,0.081085,0.758328,0.547139,-0.354369,0.12765,-0.637043,0.737305,-0.224848,0.27668
0.138255,0.396257,0.907671,0.081085,0.758328,0.547139,-0.354369,0.12765,-0.637043,0.737305,-0.224848,0.27668
0.138255,0.396257,0.907671,0.081085,0.758328,0.547139,-0.354369,0.12765,-0.637043,0.737305,-0.224848,0.27668
0.138255,0.396257,0.907671,0.081085,0.758328,0.547139,-0.354369,0.12765,-0.637043,0.737305,-0.224848,0.27668
0.138255,0.396257,0.907671,0.081085,0.758328,0.547139,-0.354369,0.12765,-0.637043,0.737305,-0.224848,0.27668
0.138335,0.396998,0.907335,0.080979,0.758716,0.546364,-0.354734,0.12756,-0.636563,0.737482,-0.225627,0.27646
0.138335,0.396998,0.907335,0.080979,0.758716,0.546364,-0.354734,0.12756,-0.636563,0.737482,-0.225627,0.27646
0.138335,0.396998,0.907335,0.080979,0.758716,0.546364,-0.354734,0.12756,-0.636563,0.737482,-0.225627,0.27646
0.138335,0.396998,0.907335,0.080979,0.758716,0.546364,-0.354734,0.12756,-0.636563,0.737482,-0.225627,0.27646
0.138335,0.396998,0.907335,0.080979,0.758716,0.546364,-0.354734,0.12756,-0.636563,0.737482,-0.225627,0.27646
0.138335,0.396998,0.907335,0.080979,0.758716,0.546364,-0.354734,0.12756,-0.636563,0.737482,-0.225627,0.27646
0.138335,0.396998,0.907335,0.080979,0.758716,0.546364,-0.354734,0.12756,-0.636563,0.737482,-0.225627,0.27646
0.138335,0.396998,0.907335,0.080979,0.758716,0.546364,-0.354734,0.12756,-0.636563,0.737482,-0.225627,0.27646
0.138395,0.397553,0.907082,0.080884,0.759119,0.545653,-0.354967,0.12748,-0.63607,0.737709,-0.226275,0.27625
0.138395,0.397553,0.907082,0.080884,0.759119,0.545653,-0.354967,0.12748,-0.63607,0.737709,-0.226275,0.27625
0.138395,0.397553,0.907082,0.080884,0.759119,0.545653,-0.354967,0.12748,-0.63607,0.737709,-0.226275,0.27625
0.138395,0.397553,0.907082,0.080884,0.759119,0.545653,-0.354967,0.12748,-0.63607,0.737709,-0.226275,0.27625
0.138395,0.397553,0.907082,0.080884,0.759119,0.545653,-0.354967,0.12748,-0.63607,0.737709,-0.226275,0.27625
0.138395,0.397553,0.907082,0.080884,0.759119,0.545653,-0.354967,0.12748,-0.63607,0.737709,-0.226275,0.27625
0.138395,0.397553,0.907082,0.080884,0.759119,0.545653,-0.354967,0.12748,-0.63607,0.737709,-0.226275,0.27625
0.138395,0.397553,0.907082,0.080884,0.759119,0.545653,-0.354967,0.12748,-0.63607,0.737709,-0.226275,0.27625
0.138484,0.398195,0.906787,0.080786,0.759509,0.544908,-0.355276,0.1274,-0.635584,0.737914,-0.226971,0.27604
0.138484,0.398195,0.906787,0.080786,0.759509,0.544908,-0.355276,0.1274,-0.635584,0.737914,-0.226971,0.27604
0.138484,0.398195,0.906787,0.080786,0.759509,0.544908,-0.355276,0.1274,-0.635584,0.737914,-0.226971,0.27604
0.138484,0.398195,0.906787,0.080786,0.759509,0.544908,-0.355276,0.1274,-0.635584,0.737914,-0.226971,0.27604
0.138484,0.398195,0.906787,0.080786,0.759509,0.544908,-0.355276,0.1274,-0.635584,0.737914,-0.226971,0.27604
0.138484,0.398195,0.906787,0.080786,0.759509,0.544908,-0.355276,0.1274,-0.635584,0.737914,-0.226971,0.27604
0.138484,0.398195,0.906787,0.080786,0.759509,0.544908,-0.355276,0.1274,-0.635584,0.737914,-0.226971,0.27604
0.138484,0.398195,0.906787,0.080786,0.759509,0.544908,-0.355276,0.1274,-0.635584,0.737914,-0.226971,0.27604
0.138573,0.398836,0.906492,0.080688,0.7599,0.544163,-0.355583,0.12732,-0.635098,0.738117,-0.227669,0.27583
0.138573,0.398836,0.906492,0.080688,0.7599,0.544163,-0.355583,0.12732,-0.635098,0.738117,-0.227669,0.27583
0.138573,0.398836,0.906492,0.080688,0.7599,0.544163,-0.355583,0.12732,-0.635098,0.738117,-0.227669,0.27583
0.138573,0.398836,0.906492,0.080688,0.7599,0.544163,-0.355583,0.12732,-0.635098,0.738117,-0.227669,0.27583
0.138573,0.398836,0.906492,0.080688,0.7599,0.544163,-0.355583,0.12732,-0.635098,0.738117,-0.227669,0.27583
0.138573,0.398836,0.906492,0.080688,0.7599,0.544163,-0.355583,0.12732,-0.635098,0.738117,-0.227669,0.27583
0.138573,0.398836,0.906492,0.080688,0.7599,0.544163,-0.355583,0.12732,-0.635098,0.738117,-0.227669,0.27583
0.138573,0.398836,0.906492,0.080688,0.7599,0.544163,-0.355583,0.12732,-0.635098,0.738117,-0.227669,0.27583
0.138662,0.399476,0.906196,0.080588,0.760353,0.543344,-0.355866,0.12723,-0.634536,0.738374,-0.228402,0.27561
0.138662,0.399476,0.906196,0.080588,0.760353,0.543344,-0.355866,0.12723,-0.634536,0.738374,-0.228402,0.27561
0.138662,0.399476,0.906196,0.080588,0.760353,0.543344,-0.355866,0.12723,-0.634536,0.738374,-0.228402,0.27561
0.138662,0.399476,0.906196,0.080588,0.760353,0.543344,-0.355866,0.12723,-0.634536,0.738374,-0.228402,0.27561
0.138662,0.399476,0.906196,0.080588,0.760353,0.543344,-0.355866,0.12723,-0.634536,0.738374,-0.228402,0.27561
0.138662,0.399476,0.906196,0.080588,0.760353,0.543344,-0.355866,0.12723,-0.634536,0.738374,-0.228402,0.27561
0.138662,0.399476,0.906196,0.080588,0.760353,0.543344,-0.355866,0.12723,-0.634536,0.738374,-0.228402,0.27561
0.138662,0.399476,0.906196,0.080588,0.760353,0.543344,-0.355866,0.12723,-0.634536,0.738374,-0.228402,0.27561
0.13879,0.400103,0.9059,0.080486,0.760797,0.542522,-0.356171,0.12715,-0.633976,0.738639,-0.229101,0.27539
0.13879,0.400103,0.9059,0.080486,0.760797,0.542522,-0.356171,0.12715,-0.633976,0.738639,-0.229101,0.27539
0.13879,0.400103,0.9059,0.080486,0.760797,0.542522,-0.356171,0.12715,-0.633976,0.738639,-0.229101,0.27539
0.13879,0.400103,0.9059,0.080486,0.760797,0.542522,-0.356171,0.12715,-0.633976,0.738639,-0.229101,0.27539
0.13879,0.400103,0.9059,0.080486,0.760797,0.542522,-0.356171,0.12715,-0.633976,0.738639,-0.229101,0.27539
0.13879,0.400103,0.9059,0.080486,0.760797,0.542522,-0.356171,0.12715,-0.633976,0.738639,-0.229101,0.27539
0.13879,0.400103,0.9059,0.080486,0.760797,0.542522,-0.356171,0.12715,-0.633976,0.738639,-0.229101,0.27539
0.13879,0.400103,0.9059,0.080486,0.760797,0.542522,-0.356171,0.12715,-0.633976,0.738639,-0.229101,0.27539
0.138847,0.400659,0.905646,0.080393,0.761135,0.541883,-0.356422,0.12707,-0.633558,0.738807,-0.229716,0.27519
0.138847,0.400659,0.905646,0.080393,0.761135,0.541883,-0.356422,0.12707,-0.633558,0.738807,-0.229716,0.27519
0.138847,0.400659,0.905646,0.080393,0.761135,0.541883,-0.356422,0.12707,-0.633558,0.738807,-0.229716,0.27519
0.138847,0.400659,0.905646,0.080393,0.761135,0.541883,-0.356422,0.12707,-0.633558,0.738807,-0.229716,0.27519
0.138847,0.400659,0.905646,0.080393,0.761135,0.541883,-0.356422,0.12707,-0.633558,0.738807,-0.229716,0.27519
0.138847,0.400659,0.905646,0.080393,0.761135,0.541883,-0.356422,0.12707,-0.633558,0.738807,-0.229716,0.27519
0.138847,0.400659,0.905646,0.080393,0.761135,0.541883,-0.356422,0.12707,-0.633558,0.738807,-0.229716,0.27519
0.138847,0.400659,0.905646,0.080393,0.761135,0.541883,-0.356422,0.12707,-0.633558,0.738807,-0.229716,0.27519
0.138975,0.401285,0.905349,0.080296,0.761578,0.541061,-0.356724,0.12698,-0.632997,0.739069,-0.230416,0.27499
0.138975,0.401285,0.905349,0.080296,0.761578,0.541061,-0.356724,0.12698,-0.632997,0.739069,-0.230416,0.27499
0.138975,0.401285,0.905349,0.080296,0.761578,0.541061,-0.356724,0.12698,-0.632997,0.739069,-0.230416,0.27499
0.138975,0.401285,0.905349,0.080296,0.761578,0.541061,-0.356724,0.12698,-0.632997,0.739069,-0.230416,0.27499
0.138975,0.401285,0.905349,0.080296,0.761578,0.541061,-0.356724,0.12698,-0.632997,0.739069,-0.230416,0.27499
0.138975,0.401285,0.905349,0.080296,0.761578,0.541061,-0.356724,0.12698,-0.632997,0.739069,-0.230416,0.27499
0.138975,0.401285,0.905349,0.080296,0.761578,0.541061,-0.356724,0.12698,-0.632997,0.739069,-0.230416,0.27499
0.138975,0.401285,0.905349,0.080296,0.761578,0.541061,-0.356724,0.12698,-0.632997,0.739069,-0.230416,0.27499
0.139072,0.401826,0.905094,0.0802,0.761969,0.540345,-0.356973,0.1269,-0.632504,0.739299,-0.231032,0.27478
0.139072,0.401826,0.905094,0.0802,0.761969,0.540345,-0.356973,0.1269,-0.632504,0.739299,-0.231032,0.27478
0.139072,0.401826,0.905094,0.0802,0.761969,0.540345,-0.356973,0.1269,-0.632504,0.739299,-0.231032,0.27478
0.139072,0.401826,0.905094,0.0802,0.761969,0.540345,-0.356973,0.1269,-0.632504,0.739299,-0.231032,0.27478
0.139072,0.401826,0.905094,0.0802,0.761969,0.540345,-0.356973,0.1269,-0.632504,0.739299,-0.231032,0.27478
0.139072,0.401826,0.905094,0.0802,0.761969,0.540345,-0.356973,0.1269,-0.632504,0.739299,-0.231032,0.27478
0.139072,0.401826,0.905094,0.0802,0.761969,0.540345,-0.356973,0.1269,-0.632504,0.739299,-0.231032,0.27478
0.139072,0.401826,0.905094,0.0802,0.761969,0.540345,-0.356973,0.1269,-0.632504,0.739299,-0.231032,0.27478
0.139159,0.402467,0.904796,0.080101,0.762358,0.539598,-0.357273,0.12681,-0.632017,0.739496,-0.231734,0.27457
0.139159,0.402467,0.904796,0.080101,0.762358,0.539598,-0.357273,0.12681,-0.632017,0.739496,-0.231734,0.27457
0.139159,0.402467,0.904796,0.080101,0.762358,0.539598,-0.357273,0.12681,-0.632017,0.739496,-0.231734,0.27457
0.139159,0.402467,0.904796,0.080101,0.762358,0.539598,-0.357273,0.12681,-0.632017,0.739496,-0.231734,0.27457
0.139159,0.402467,0.904796,0.080101,0.762358,0.539598,-0.357273,0.12681,-0.632017,0.739496,-0.231734,0.27457
0.139159,0.402467,0.904796,0.080101,0.762358,0.539598,-0.357273,0.12681,-0.632017,0.739496,-0.231734,0.27457
0.139159,0.402467,0.904796,0.080101,0.762358,0.539598,-0.357273,0.12681,-0.632017,0.739496,-0.231734,0.27457
0.139159,0.402467,0.904796,0.080101,0.762358,0.539598,-0.357273,0.12681,-0.632017,0.739496,-0.231734,0.27457
0.139325,0.403079,0.904498,0.080003,0.762791,0.538773,-0.357595,0.12672,-0.631458,0.739764,-0.2324,0.27436
0.139325,0.403079,0.904498,0.080003,0.762791,0.538773,-0.357595,0.12672,-0.631458,0.739764,-0.2324,0.27436
0.139325,0.403079,0.904498,0.080003,0.762791,0.538773,-0.357595,0.12672,-0.631458,0.739764,-0.2324,0.27436
0.139325,0.403079,0.904498,0.080003,0.762791,0.538773,-0.357595,0.12672,-0.631458,0.739764,-0.2324,0.27436
0.139325,0.403079,0.904498,0.080003,0.762791,0.538773,-0.357595,0.12672,-0.631458,0.739764,-0.2324,0.27436
0.139325,0.403079,0.904498,0.080003,0.762791,0.538773,-0.357595,0.12672,-0.631458,0.739764,-0.2324,0.27436
0.139325,0.403079,0.904498,0.080003,0.762791,0.538773,-0.357595,0.12672,-0.631458,0.739764,-0.2324,0.27436
0.139325,0.403079,0.904498,0.080003,0.762791,0.538773,-0.357595,0.12672,-0.631458,0.739764,-0.2324,0.27436
0.139451,0.403705,0.904199,0.079911,0.763169,0.538023,-0.357916,0.12664,-0.630972,0.739969,-0.233068,0.27417
0.139451,0.403705,0.904199,0.079911,0.763169,0.538023,-0.357916,0.12664,-0.630972,0.739969,-0.233068,0.27417
0.139451,0.403705,0.904199,0.079911,0.763169,0.538023,-0.357916,0.12664,-0.630972,0.739969,-0.233068,0.27417
0.139451,0.403705,0.904199,0.079911,0.763169,0.538023,-0.357916,0.12664,-0.630972,0.739969,-0.233068,0.27417
0.139451,0.403705,0.904199,0.079911,0.763169,0.538023,-0.357916,0.12664,-0.630972,0.739969,-0.233068,0.27417
0.139451,0.403705,0.904199,0.079911,0.763169,0.538023,-0.357916,0.12664,-0.630972,0.739969,-0.233068,0.27417
0.139451,0.403705,0.904199,0.079911,0.763169,0.538023,-0.357916,0.12664,-0.630972,0.739969,-0.233068,0.27417
0.139451,0.403705,0.904199,0.079911,0.763169,0.538023,-0.357916,0.12664,-0.630972,0.739969,-0.233068,0.27417
0.139548,0.404246,0.903942,0.079815,0.763559,0.537306,-0.358161,0.12655,-0.630479,0.740194,-0.233686,0.27396
0.139548,0.404246,0.903942,0.079815,0.763559,0.537306,-0.358161,0.12655,-0.630479,0.740194,-0.233686,0.27396
0.139548,0.404246,0.903942,0.079815,0.763559,0.537306,-0.358161,0.12655,-0.630479,0.740194,-0.233686,0.27396
0.139548,0.404246,0.903942,0.079815,0.763559,0.537306,-0.358161,0.12655,-0.630479,0.740194,-0.233686,0.27396
0.139548,0.404246,0.903942,0.079815,0.763559,0.537306,-0.358161,0.12655,-0.630479,0.740194,-0.233686,0.27396
0.139548,0.404246,0.903942,0.079815,0.763559,0.537306,-0.358161,0.12655,-0.630479,0.740194,-0.233686,0.27396
0.139548,0.404246,0.903942,0.079815,0.763559,0.537306,-0.358161,0.12655,-0.630479,0.740194,-0.233686,0.27396
0.139548,0.404246,0.903942,0.079815,0.763559,0.537306,-0.358161,0.12655,-0.630479,0.740194,-0.233686,0.27396
0.139673,0.404872,0.903643,0.079722,0.763874,0.536629,-0.358503,0.12647,-0.630069,0.740343,-0.234319,0.27376
0.139673,0.404872,0.903643,0.079722,0.763874,0.536629,-0.358503,0.12647,-0.630069,0.740343,-0.234319,0.27376
0.139673,0.404872,0.903643,0.079722,0.763874,0.536629,-0.358503,0.12647,-0.630069,0.740343,-0.234319,0.27376
0.139673,0.404872,0.903643,0.079722,0.763874,0.536629,-0.358503,0.12647,-0.630069,0.740343,-0.234319,0.27376
0.139673,0.404872,0.903643,0.079722,0.763874,0.536629,-0.358503,0.12647,-0.630069,0.740343,-0.234319,0.27376
0.139673,0.404872,0.903643,0.079722,0.763874,0.536629,-0.358503,0.12647,-0.630069,0.740343,-0.234319,0.27376
0.139673,0.404872,0.903643,0.079722,0.763874,0.536629,-0.358503,0.12647,-0.630069,0.740343,-0.234319,0.27376
0.139673,0.404872,0.903643,0.079722,0.763874,0.536629,-0.358503,0.12647,-0.630069,0.740343,-0.234319,0.27376
0.139839,0.405484,0.903343,0.079626,0.764306,0.535802,-0.358821,0.12638,-0.629509,0.740607,-0.234988,0.27356
0.139839,0.405484,0.903343,0.079626,0.764306,0.535802,-0.358821,0.12638,-0.629509,0.740607,-0.234988,0.27356
0.139839,0.405484,0.903343,0.079626,0.764306,0.535802,-0.358821,0.12638,-0.629509,0.740607,-0.234988,0.27356
0.139839,0.405484,0.903343,0.079626,0.764306,0.535802,-0.358821,0.12638,-0.629509,0.740607,-0.234988,0.27356
0.139839,0.405484,0.903343,0.079626,0.764306,0.535802,-0.358821,0.12638,-0.629509,0.740607,-0.234988,0.27356
0.139839,0.405484,0.903343,0.079626,0.764306,0.535802,-0.358821,0.12638,-0.629509,0.740607,-0.234988,0.27356
0.139839,0.405484,0.903343,0.079626,0.764306,0.535802,-0.358821,0.12638,-0.629509,0.740607,-0.234988,0.27356
0.139839,0.405484,0.903343,0.079626,0.764306,0.535802,-0.358821,0.12638,-0.629509,0.740607,-0.234988,0.27356
0.139934,0.406024,0.903085,0.079531,0.764695,0.535085,-0.359063,0.12629,-0.629015,0.74083,-0.235608,0.27336
0.139934,0.406024,0.903085,0.079531,0.764695,0.535085,-0.359063,0.12629,-0.629015,0.74083,-0.235608,0.27336
0.139934,0.406024,0.903085,0.079531,0.764695,0.535085,-0.359063,0.12629,-0.629015,0.74083,-0.235608,0.27336
0.139934,0.406024,0.903085,0.079531,0.764695,0.535085,-0.359063,0.12629,-0.629015,0.74083,-0.235608,0.27336
0.139934,0.406024,0.903085,0.079531,0.764695,0.535085,-0.359063,0.12629,-0.629015,0.74083,-0.235608,0.27336
0.139934,0.406024,0.903085,0.079531,0.764695,0.535085,-0.359063,0.12629,-0.629015,0.74083,-0.235608,0.27336
0.139934,0.406024,0.903085,0.079531,0.764695,0.535085,-0.359063,0.12629,-0.629015,0.74083,-0.235608,0.27336
0.139934,0.406024,0.903085,0.079531,0.764695,0.535085,-0.359063,0.12629,-0.629015,0.74083,-0.235608,0.27336
0.140059,0.40665,0.902784,0.079442,0.765009,0.534407,-0.359402,0.12621,-0.628605,0.740976,-0.236242,0.27317
0.140059,0.40665,0.902784,0.079442,0.765009,0.534407,-0.359402,0.12621,-0.628605,0.740976,-0.236242,0.27317
0.140059,0.40665,0.902784,0.079442,0.765009,0.534407,-0.359402,0.12621,-0.628605,0.740976,-0.236242,0.27317
0.140059,0.40665,0.902784,0.079442,0.765009,0.534407,-0.359402,0.12621,-0.628605,0.740976,-0.236242,0.27317
0.140059,0.40665,0.902784,0.079442,0.765009,0.534407,-0.359402,0.12621,-0.628605,0.740976,-0.236242,0.27317
0.140059,0.40665,0.902784,0.079442,0.765009,0.534407,-0.359402,0.12621,-0.628605,0.740976,-0.236242,0.27317
0.140059,0.40665,0.902784,0.079442,0.765009,0.534407,-0.359402,0.12621,-0.628605,0.740976,-0.236242,0.27317
0.140059,0.40665,0.902784,0.079442,0.765009,0.534407,-0.359402,0.12621,-0.628605,0.740976,-0.236242,0.27317
0.140194,0.407176,0.902526,0.079349,0.765451,0.533613,-0.359642,0.12612,-0.628037,0.741259,-0.236863,0.27297
0.140194,0.407176,0.902526,0.079349,0.765451,0.533613,-0.359642,0.12612,-0.628037,0.741259,-0.236863,0.27297
0.140194,0.407176,0.902526,0.079349,0.765451,0.533613,-0.359642,0.12612,-0.628037,0.741259,-0.236863,0.27297
0.140194,0.407176,0.902526,0.079349,0.765451,0.533613,-0.359642,0.12612,-0.628037,0.741259,-0.236863,0.27297
0.140194,0.407176,0.902526,0.079349,0.765451,0.533613,-0.359642,0.12612,-0.628037,0.741259,-0.236863,0.27297
0.140194,0.407176,0.902526,0.079349,0.765451,0.533613,-0.359642,0.12612,-0.628037,0.741259,-0.236863,0.27297
0.140194,0.407176,0.902526,0.079349,0.765451,0.533613,-0.359642,0.12612,-0.628037,0.741259,-0.236863,0.27297
0.140194,0.407176,0.902526,0.079349,0.765451,0.533613,-0.359642,0.12612,-0.628037,0.741259,-0.236863,0.27297
0.140359,0.407787,0.902224,0.079258,0.765818,0.532858,-0.35998,0.12604,-0.627553,0.741466,-0.237499,0.27278
0.140359,0.407787,0.902224,0.079258,0.765818,0.532858,-0.35998,0.12604,-0.627553,0.741466,-0.237499,0.27278
0.140359,0.407787,0.902224,0.079258,0.765818,0.532858,-0.35998,0.12604,-0.627553,0.741466,-0.237499,0.27278
0.140359,0.407787,0.902224,0.079258,0.765818,0.532858,-0.35998,0.12604,-0.627553,0.741466,-0.237499,0.27278
0.140359,0.407787,0.902224,0.079258,0.765818,0.532858,-0.35998,0.12604,-0.627553,0.741466,-0.237499,0.27278
0.140359,0.407787,0.902224,0.079258,0.765818,0.532858,-0.35998,0.12604,-0.627553,0.741466,-0.237499,0.27278
0.140359,0.407787,0.902224,0.079258,0.765818,0.532858,-0.35998,0.12604,-0.627553,0.741466,-0.237499,0.27278
0.140359,0.407787,0.902224,0.079258,0.765818,0.532858,-0.35998,0.12604,-0.627553,0.741466,-0.237499,0.27278
0.140454,0.408327,0.901966,0.079165,0.766206,0.53214,-0.360217,0.12595,-0.627058,0.741685,-0.238121,0.27258
0.140454,0.408327,0.901966,0.079165,0.766206,0.53214,-0.360217,0.12595,-0.627058,0.741685,-0.238121,0.27258
