0.525452,0.0901542,0.846033,0.06041,0.738664,0.445125,-0.506201,0.096196,-0.422226,0.890919,0.167298,0.2841
0.525452,0.0901542,0.846033,0.06041,0.738664,0.445125,-0.506201,0.096196,-0.422226,0.890919,0.167298,0.2841
0.525452,0.0901542,0.846033,0.06041,0.738664,0.445125,-0.506201,0.096196,-0.422226,0.890919,0.167298,0.2841
0.525452,0.0901542,0.846033,0.06041,0.738664,0.445125,-0.506201,0.096196,-0.422226,0.890919,0.167298,0.2841
0.525452,0.0901542,0.846033,0.06041,0.738664,0.445125,-0.506201,0.096196,-0.422226,0.890919,0.167298,0.2841
0.525452,0.0901542,0.846033,0.06041,0.738664,0.445125,-0.506201,0.096196,-0.422226,0.890919,0.167298,0.2841
0.525452,0.0901542,0.846033,0.06041,0.738664,0.445125,-0.506201,0.096196,-0.422226,0.890919,0.167298,0.2841
0.525452,0.0901542,0.846033,0.06041,0.738664,0.445125,-0.506201,0.096196,-0.422226,0.890919,0.167298,0.2841
0.525608,0.0902459,0.845926,0.06039,0.738595,0.445018,-0.506395,0.096161,-0.422153,0.890963,0.16725,0.28408
0.525608,0.0902459,0.845926,0.06039,0.738595,0.445018,-0.506395,0.096161,-0.422153,0.890963,0.16725,0.28408
0.525608,0.0902459,0.845926,0.06039,0.738595,0.445018,-0.506395,0.096161,-0.422153,0.890963,0.16725,0.28408
0.525608,0.0902459,0.845926,0.06039,0.738595,0.445018,-0.506395,0.096161,-0.422153,0.890963,0.16725,0.28408
0.525608,0.0902459,0.845926,0.06039,0.738595,0.445018,-0.506395,0.096161,-0.422153,0.890963,0.16725,0.28408
0.525608,0.0902459,0.845926,0.06039,0.738595,0.445018,-0.506395,0.096161,-0.422153,0.890963,0.16725,0.28408
0.525608,0.0902459,0.845926,0.06039,0.738595,0.445018,-0.506395,0.096161,-0.422153,0.890963,0.16725,0.28408
0.525608,0.0902459,0.845926,0.06039,0.738595,0.445018,-0.506395,0.096161,-0.422153,0.890963,0.16725,0.28408
0.525607,0.0902512,0.845926,0.06039,0.738633,0.444936,-0.506412,0.096156,-0.422088,0.891003,0.167199,0.28408
0.525607,0.0902512,0.845926,0.06039,0.738633,0.444936,-0.506412,0.096156,-0.422088,0.891003,0.167199,0.28408
0.525607,0.0902512,0.845926,0.06039,0.738633,0.444936,-0.506412,0.096156,-0.422088,0.891003,0.167199,0.28408
0.525607,0.0902512,0.845926,0.06039,0.738633,0.444936,-0.506412,0.096156,-0.422088,0.891003,0.167199,0.28408
0.525607,0.0902512,0.845926,0.06039,0.738633,0.444936,-0.506412,0.096156,-0.422088,0.891003,0.167199,0.28408
0.525607,0.0902512,0.845926,0.06039,0.738633,0.444936,-0.506412,0.096156,-0.422088,0.891003,0.167199,0.28408
0.525607,0.0902512,0.845926,0.06039,0.738633,0.444936,-0.506412,0.096156,-0.422088,0.891003,0.167199,0.28408
0.525607,0.0902512,0.845926,0.06039,0.738633,0.444936,-0.506412,0.096156,-0.422088,0.891003,0.167199,0.28408
0.526684,0.0909729,0.845179,0.06024,0.738505,0.443408,-0.507936,0.095849,-0.420967,0.891691,0.166352,0.2839
0.526684,0.0909729,0.845179,0.06024,0.738505,0.443408,-0.507936,0.095849,-0.420967,0.891691,0.166352,0.2839
0.526684,0.0909729,0.845179,0.06024,0.738505,0.443408,-0.507936,0.095849,-0.420967,0.891691,0.166352,0.2839
0.526684,0.0909729,0.845179,0.06024,0.738505,0.443408,-0.507936,0.095849,-0.420967,0.891691,0.166352,0.2839
0.526684,0.0909729,0.845179,0.06024,0.738505,0.443408,-0.507936,0.095849,-0.420967,0.891691,0.166352,0.2839
0.526684,0.0909729,0.845179,0.06024,0.738505,0.443408,-0.507936,0.095849,-0.420967,0.891691,0.166352,0.2839
0.526684,0.0909729,0.845179,0.06024,0.738505,0.443408,-0.507936,0.095849,-0.420967,0.891691,0.166352,0.2839
0.526684,0.0909729,0.845179,0.06024,0.738505,0.443408,-0.507936,0.095849,-0.420967,0.891691,0.166352,0.2839
0.527448,0.0915124,0.844644,0.0601,0.738471,0.44218,-0.509055,0.095613,-0.42007,0.892246,0.165648,0.28376
0.527448,0.0915124,0.844644,0.0601,0.738471,0.44218,-0.509055,0.095613,-0.42007,0.892246,0.165648,0.28376
0.527448,0.0915124,0.844644,0.0601,0.738471,0.44218,-0.509055,0.095613,-0.42007,0.892246,0.165648,0.28376
0.527448,0.0915124,0.844644,0.0601,0.738471,0.44218,-0.509055,0.095613,-0.42007,0.892246,0.165648,0.28376
0.527448,0.0915124,0.844644,0.0601,0.738471,0.44218,-0.509055,0.095613,-0.42007,0.892246,0.165648,0.28376
0.527448,0.0915124,0.844644,0.0601,0.738471,0.44218,-0.509055,0.095613,-0.42007,0.892246,0.165648,0.28376
0.527448,0.0915124,0.844644,0.0601,0.738471,0.44218,-0.509055,0.095613,-0.42007,0.892246,0.165648,0.28376
0.527448,0.0915124,0.844644,0.0601,0.738471,0.44218,-0.509055,0.095613,-0.42007,0.892246,0.165648,0.28376
0.528597,0.0922998,0.84384,0.05996,0.738373,0.440436,-0.510706,0.095273,-0.418796,0.893027,0.164662,0.28356
0.528597,0.0922998,0.84384,0.05996,0.738373,0.440436,-0.510706,0.095273,-0.418796,0.893027,0.164662,0.28356
0.528597,0.0922998,0.84384,0.05996,0.738373,0.440436,-0.510706,0.095273,-0.418796,0.893027,0.164662,0.28356
0.528597,0.0922998,0.84384,0.05996,0.738373,0.440436,-0.510706,0.095273,-0.418796,0.893027,0.164662,0.28356
0.528597,0.0922998,0.84384,0.05996,0.738373,0.440436,-0.510706,0.095273,-0.418796,0.893027,0.164662,0.28356
0.528597,0.0922998,0.84384,0.05996,0.738373,0.440436,-0.510706,0.095273,-0.418796,0.893027,0.164662,0.28356
0.528597,0.0922998,0.84384,0.05996,0.738373,0.440436,-0.510706,0.095273,-0.418796,0.893027,0.164662,0.28356
0.528597,0.0922998,0.84384,0.05996,0.738373,0.440436,-0.510706,0.095273,-0.418796,0.893027,0.164662,0.28356
0.529367,0.0927943,0.843303,0.05985,0.738249,0.439406,-0.511772,0.095065,-0.418042,0.893483,0.164102,0.28343
0.529367,0.0927943,0.843303,0.05985,0.738249,0.439406,-0.511772,0.095065,-0.418042,0.893483,0.164102,0.28343
0.529367,0.0927943,0.843303,0.05985,0.738249,0.439406,-0.511772,0.095065,-0.418042,0.893483,0.164102,0.28343
0.529367,0.0927943,0.843303,0.05985,0.738249,0.439406,-0.511772,0.095065,-0.418042,0.893483,0.164102,0.28343
0.529367,0.0927943,0.843303,0.05985,0.738249,0.439406,-0.511772,0.095065,-0.418042,0.893483,0.164102,0.28343
0.529367,0.0927943,0.843303,0.05985,0.738249,0.439406,-0.511772,0.095065,-0.418042,0.893483,0.164102,0.28343
0.529367,0.0927943,0.843303,0.05985,0.738249,0.439406,-0.511772,0.095065,-0.418042,0.893483,0.164102,0.28343
0.529367,0.0927943,0.843303,0.05985,0.738249,0.439406,-0.511772,0.095065,-0.418042,0.893483,0.164102,0.28343
0.530209,0.0933574,0.842711,0.05973,0.738196,0.438082,-0.512983,0.094821,-0.417068,0.894074,0.163359,0.28329
0.530209,0.0933574,0.842711,0.05973,0.738196,0.438082,-0.512983,0.094821,-0.417068,0.894074,0.163359,0.28329
0.530209,0.0933574,0.842711,0.05973,0.738196,0.438082,-0.512983,0.094821,-0.417068,0.894074,0.163359,0.28329
0.530209,0.0933574,0.842711,0.05973,0.738196,0.438082,-0.512983,0.094821,-0.417068,0.894074,0.163359,0.28329
0.530209,0.0933574,0.842711,0.05973,0.738196,0.438082,-0.512983,0.094821,-0.417068,0.894074,0.163359,0.28329
0.530209,0.0933574,0.842711,0.05973,0.738196,0.438082,-0.512983,0.094821,-0.417068,0.894074,0.163359,0.28329
0.530209,0.0933574,0.842711,0.05973,0.738196,0.438082,-0.512983,0.094821,-0.417068,0.894074,0.163359,0.28329
0.530209,0.0933574,0.842711,0.05973,0.738196,0.438082,-0.512983,0.094821,-0.417068,0.894074,0.163359,0.28329
0.531051,0.0939217,0.842119,0.05961,0.738098,0.436846,-0.514176,0.094577,-0.416168,0.89462,0.162664,0.28314
0.531051,0.0939217,0.842119,0.05961,0.738098,0.436846,-0.514176,0.094577,-0.416168,0.89462,0.162664,0.28314
0.531051,0.0939217,0.842119,0.05961,0.738098,0.436846,-0.514176,0.094577,-0.416168,0.89462,0.162664,0.28314
0.531051,0.0939217,0.842119,0.05961,0.738098,0.436846,-0.514176,0.094577,-0.416168,0.89462,0.162664,0.28314
0.531051,0.0939217,0.842119,0.05961,0.738098,0.436846,-0.514176,0.094577,-0.416168,0.89462,0.162664,0.28314
0.531051,0.0939217,0.842119,0.05961,0.738098,0.436846,-0.514176,0.094577,-0.416168,0.89462,0.162664,0.28314
0.531051,0.0939217,0.842119,0.05961,0.738098,0.436846,-0.514176,0.094577,-0.416168,0.89462,0.162664,0.28314
0.531051,0.0939217,0.842119,0.05961,0.738098,0.436846,-0.514176,0.094577,-0.416168,0.89462,0.162664,0.28314
0.531989,0.0945596,0.841455,0.05947,0.738014,0.435401,-0.51552,0.094294,-0.415118,0.895257,0.161842,0.28297
0.531989,0.0945596,0.841455,0.05947,0.738014,0.435401,-0.51552,0.094294,-0.415118,0.895257,0.161842,0.28297
0.531989,0.0945596,0.841455,0.05947,0.738014,0.435401,-0.51552,0.094294,-0.415118,0.895257,0.161842,0.28297
0.531989,0.0945596,0.841455,0.05947,0.738014,0.435401,-0.51552,0.094294,-0.415118,0.895257,0.161842,0.28297
0.531989,0.0945596,0.841455,0.05947,0.738014,0.435401,-0.51552,0.094294,-0.415118,0.895257,0.161842,0.28297
0.531989,0.0945596,0.841455,0.05947,0.738014,0.435401,-0.51552,0.094294,-0.415118,0.895257,0.161842,0.28297
0.531989,0.0945596,0.841455,0.05947,0.738014,0.435401,-0.51552,0.094294,-0.415118,0.895257,0.161842,0.28297
0.531989,0.0945596,0.841455,0.05947,0.738014,0.435401,-0.51552,0.094294,-0.415118,0.895257,0.161842,0.28297
0.532898,0.0951664,0.840811,0.0593,0.737928,0.434011,-0.516814,0.09403,-0.414104,0.895867,0.161057,0.28281
0.532898,0.0951664,0.840811,0.0593,0.737928,0.434011,-0.516814,0.09403,-0.414104,0.895867,0.161057,0.28281
0.532898,0.0951664,0.840811,0.0593,0.737928,0.434011,-0.516814,0.09403,-0.414104,0.895867,0.161057,0.28281
0.532898,0.0951664,0.840811,0.0593,0.737928,0.434011,-0.516814,0.09403,-0.414104,0.895867,0.161057,0.28281
0.532898,0.0951664,0.840811,0.0593,0.737928,0.434011,-0.516814,0.09403,-0.414104,0.895867,0.161057,0.28281
0.532898,0.0951664,0.840811,0.0593,0.737928,0.434011,-0.516814,0.09403,-0.414104,0.895867,0.161057,0.28281
0.532898,0.0951664,0.840811,0.0593,0.737928,0.434011,-0.516814,0.09403,-0.414104,0.895867,0.161057,0.28281
0.532898,0.0951664,0.840811,0.0593,0.737928,0.434011,-0.516814,0.09403,-0.414104,0.895867,0.161057,0.28281
0.533661,0.0956718,0.840269,0.05922,0.737832,0.43289,-0.51789,0.09381,-0.413292,0.896355,0.160427,0.28268
0.533661,0.0956718,0.840269,0.05922,0.737832,0.43289,-0.51789,0.09381,-0.413292,0.896355,0.160427,0.28268
0.533661,0.0956718,0.840269,0.05922,0.737832,0.43289,-0.51789,0.09381,-0.413292,0.896355,0.160427,0.28268
0.533661,0.0956718,0.840269,0.05922,0.737832,0.43289,-0.51789,0.09381,-0.413292,0.896355,0.160427,0.28268
0.533661,0.0956718,0.840269,0.05922,0.737832,0.43289,-0.51789,0.09381,-0.413292,0.896355,0.160427,0.28268
0.533661,0.0956718,0.840269,0.05922,0.737832,0.43289,-0.51789,0.09381,-0.413292,0.896355,0.160427,0.28268
0.533661,0.0956718,0.840269,0.05922,0.737832,0.43289,-0.51789,0.09381,-0.413292,0.896355,0.160427,0.28268
0.533661,0.0956718,0.840269,0.05922,0.737832,0.43289,-0.51789,0.09381,-0.413292,0.896355,0.160427,0.28268
0.534592,0.0962856,0.839607,0.05909,0.737767,0.431404,-0.519222,0.093542,-0.412203,0.897006,0.159588,0.28252
0.534592,0.0962856,0.839607,0.05909,0.737767,0.431404,-0.519222,0.093542,-0.412203,0.897006,0.159588,0.28252
0.534592,0.0962856,0.839607,0.05909,0.737767,0.431404,-0.519222,0.093542,-0.412203,0.897006,0.159588,0.28252
0.534592,0.0962856,0.839607,0.05909,0.737767,0.431404,-0.519222,0.093542,-0.412203,0.897006,0.159588,0.28252
0.534592,0.0962856,0.839607,0.05909,0.737767,0.431404,-0.519222,0.093542,-0.412203,0.897006,0.159588,0.28252
0.534592,0.0962856,0.839607,0.05909,0.737767,0.431404,-0.519222,0.093542,-0.412203,0.897006,0.159588,0.28252
0.534592,0.0962856,0.839607,0.05909,0.737767,0.431404,-0.519222,0.093542,-0.412203,0.897006,0.159588,0.28252
0.534592,0.0962856,0.839607,0.05909,0.737767,0.431404,-0.519222,0.093542,-0.412203,0.897006,0.159588,0.28252
0.535454,0.09685,0.838993,0.05896,0.737652,0.43014,-0.520431,0.093293,-0.411288,0.897552,0.158879,0.28236
0.535454,0.09685,0.838993,0.05896,0.737652,0.43014,-0.520431,0.093293,-0.411288,0.897552,0.158879,0.28236
0.535454,0.09685,0.838993,0.05896,0.737652,0.43014,-0.520431,0.093293,-0.411288,0.897552,0.158879,0.28236
0.535454,0.09685,0.838993,0.05896,0.737652,0.43014,-0.520431,0.093293,-0.411288,0.897552,0.158879,0.28236
0.535454,0.09685,0.838993,0.05896,0.737652,0.43014,-0.520431,0.093293,-0.411288,0.897552,0.158879,0.28236
0.535454,0.09685,0.838993,0.05896,0.737652,0.43014,-0.520431,0.093293,-0.411288,0.897552,0.158879,0.28236
0.535454,0.09685,0.838993,0.05896,0.737652,0.43014,-0.520431,0.093293,-0.411288,0.897552,0.158879,0.28236
0.535454,0.09685,0.838993,0.05896,0.737652,0.43014,-0.520431,0.093293,-0.411288,0.897552,0.158879,0.28236
0.536422,0.0974795,0.838301,0.0588,0.737553,0.428652,-0.521799,0.093016,-0.410204,0.898196,0.158042,0.28219
0.536422,0.0974795,0.838301,0.0588,0.737553,0.428652,-0.521799,0.093016,-0.410204,0.898196,0.158042,0.28219
0.536422,0.0974795,0.838301,0.0588,0.737553,0.428652,-0.521799,0.093016,-0.410204,0.898196,0.158042,0.28219
0.536422,0.0974795,0.838301,0.0588,0.737553,0.428652,-0.521799,0.093016,-0.410204,0.898196,0.158042,0.28219
0.536422,0.0974795,0.838301,0.0588,0.737553,0.428652,-0.521799,0.093016,-0.410204,0.898196,0.158042,0.28219
0.536422,0.0974795,0.838301,0.0588,0.737553,0.428652,-0.521799,0.093016,-0.410204,0.898196,0.158042,0.28219
0.536422,0.0974795,0.838301,0.0588,0.737553,0.428652,-0.521799,0.093016,-0.410204,0.898196,0.158042,0.28219
0.536422,0.0974795,0.838301,0.0588,0.737553,0.428652,-0.521799,0.093016,-0.410204,0.898196,0.158042,0.28219
0.537222,0.0979968,0.837728,0.0587,0.737464,0.42743,-0.522925,0.092787,-0.409315,0.898721,0.157356,0.28205
0.537222,0.0979968,0.837728,0.0587,0.737464,0.42743,-0.522925,0.092787,-0.409315,0.898721,0.157356,0.28205
0.537222,0.0979968,0.837728,0.0587,0.737464,0.42743,-0.522925,0.092787,-0.409315,0.898721,0.157356,0.28205
0.537222,0.0979968,0.837728,0.0587,0.737464,0.42743,-0.522925,0.092787,-0.409315,0.898721,0.157356,0.28205
0.537222,0.0979968,0.837728,0.0587,0.737464,0.42743,-0.522925,0.092787,-0.409315,0.898721,0.157356,0.28205
0.537222,0.0979968,0.837728,0.0587,0.737464,0.42743,-0.522925,0.092787,-0.409315,0.898721,0.157356,0.28205
0.537222,0.0979968,0.837728,0.0587,0.737464,0.42743,-0.522925,0.092787,-0.409315,0.898721,0.157356,0.28205
0.537222,0.0979968,0.837728,0.0587,0.737464,0.42743,-0.522925,0.092787,-0.409315,0.898721,0.157356,0.28205
0.538098,0.0985624,0.8371,0.05857,0.737337,0.426152,-0.524145,0.092539,-0.408393,0.899266,0.156638,0.28189
0.538098,0.0985624,0.8371,0.05857,0.737337,0.426152,-0.524145,0.092539,-0.408393,0.899266,0.156638,0.28189
0.538098,0.0985624,0.8371,0.05857,0.737337,0.426152,-0.524145,0.092539,-0.408393,0.899266,0.156638,0.28189
0.538098,0.0985624,0.8371,0.05857,0.737337,0.426152,-0.524145,0.092539,-0.408393,0.899266,0.156638,0.28189
0.538098,0.0985624,0.8371,0.05857,0.737337,0.426152,-0.524145,0.092539,-0.408393,0.899266,0.156638,0.28189
0.538098,0.0985624,0.8371,0.05857,0.737337,0.426152,-0.524145,0.092539,-0.408393,0.899266,0.156638,0.28189
0.538098,0.0985624,0.8371,0.05857,0.737337,0.426152,-0.524145,0.092539,-0.408393,0.899266,0.156638,0.28189
0.538098,0.0985624,0.8371,0.05857,0.737337,0.426152,-0.524145,0.092539,-0.408393,0.899266,0.156638,0.28189
0.538965,0.0991224,0.836476,0.05844,0.737258,0.424776,-0.525372,0.09229,-0.407391,0.899856,0.155861,0.28174
0.538965,0.0991224,0.836476,0.05844,0.737258,0.424776,-0.525372,0.09229,-0.407391,0.899856,0.155861,0.28174
0.538965,0.0991224,0.836476,0.05844,0.737258,0.424776,-0.525372,0.09229,-0.407391,0.899856,0.155861,0.28174
0.538965,0.0991224,0.836476,0.05844,0.737258,0.424776,-0.525372,0.09229,-0.407391,0.899856,0.155861,0.28174
0.538965,0.0991224,0.836476,0.05844,0.737258,0.424776,-0.525372,0.09229,-0.407391,0.899856,0.155861,0.28174
0.538965,0.0991224,0.836476,0.05844,0.737258,0.424776,-0.525372,0.09229,-0.407391,0.899856,0.155861,0.28174
0.538965,0.0991224,0.836476,0.05844,0.737258,0.424776,-0.525372,0.09229,-0.407391,0.899856,0.155861,0.28174
0.538965,0.0991224,0.836476,0.05844,0.737258,0.424776,-0.525372,0.09229,-0.407391,0.899856,0.155861,0.28174
0.539917,0.0997218,0.83579,0.0583,0.737103,0.423417,-0.526685,0.092023,-0.40641,0.90043,0.155105,0.28157
0.539917,0.0997218,0.83579,0.0583,0.737103,0.423417,-0.526685,0.092023,-0.40641,0.90043,0.155105,0.28157
0.539917,0.0997218,0.83579,0.0583,0.737103,0.423417,-0.526685,0.092023,-0.40641,0.90043,0.155105,0.28157
0.539917,0.0997218,0.83579,0.0583,0.737103,0.423417,-0.526685,0.092023,-0.40641,0.90043,0.155105,0.28157
0.539917,0.0997218,0.83579,0.0583,0.737103,0.423417,-0.526685,0.092023,-0.40641,0.90043,0.155105,0.28157
0.539917,0.0997218,0.83579,0.0583,0.737103,0.423417,-0.526685,0.092023,-0.40641,0.90043,0.155105,0.28157
0.539917,0.0997218,0.83579,0.0583,0.737103,0.423417,-0.526685,0.092023,-0.40641,0.90043,0.155105,0.28157
0.539917,0.0997218,0.83579,0.0583,0.737103,0.423417,-0.526685,0.092023,-0.40641,0.90043,0.155105,0.28157
0.540822,0.100297,0.835136,0.05816,0.736989,0.422039,-0.527949,0.091767,-0.405412,0.901012,0.15433,0.28141
0.540822,0.100297,0.835136,0.05816,0.736989,0.422039,-0.527949,0.091767,-0.405412,0.901012,0.15433,0.28141
0.540822,0.100297,0.835136,0.05816,0.736989,0.422039,-0.527949,0.091767,-0.405412,0.901012,0.15433,0.28141
0.540822,0.100297,0.835136,0.05816,0.736989,0.422039,-0.527949,0.091767,-0.405412,0.901012,0.15433,0.28141
0.540822,0.100297,0.835136,0.05816,0.736989,0.422039,-0.527949,0.091767,-0.405412,0.901012,0.15433,0.28141
0.540822,0.100297,0.835136,0.05816,0.736989,0.422039,-0.527949,0.091767,-0.405412,0.901012,0.15433,0.28141
0.540822,0.100297,0.835136,0.05816,0.736989,0.422039,-0.527949,0.091767,-0.405412,0.901012,0.15433,0.28141
0.540822,0.100297,0.835136,0.05816,0.736989,0.422039,-0.527949,0.091767,-0.405412,0.901012,0.15433,0.28141
0.54165,0.100821,0.834536,0.05804,0.736914,0.420708,-0.529115,0.091534,-0.404442,0.901576,0.15358,0.28126
0.54165,0.100821,0.834536,0.05804,0.736914,0.420708,-0.529115,0.091534,-0.404442,0.901576,0.15358,0.28126
0.54165,0.100821,0.834536,0.05804,0.736914,0.420708,-0.529115,0.091534,-0.404442,0.901576,0.15358,0.28126
0.54165,0.100821,0.834536,0.05804,0.736914,0.420708,-0.529115,0.091534,-0.404442,0.901576,0.15358,0.28126
0.54165,0.100821,0.834536,0.05804,0.736914,0.420708,-0.529115,0.091534,-0.404442,0.901576,0.15358,0.28126
0.54165,0.100821,0.834536,0.05804,0.736914,0.420708,-0.529115,0.091534,-0.404442,0.901576,0.15358,0.28126
0.54165,0.100821,0.834536,0.05804,0.736914,0.420708,-0.529115,0.091534,-0.404442,0.901576,0.15358,0.28126
0.54165,0.100821,0.834536,0.05804,0.736914,0.420708,-0.529115,0.091534,-0.404442,0.901576,0.15358,0.28126
0.542554,0.101388,0.83388,0.0579,0.736763,0.419402,-0.53036,0.09128,-0.403503,0.902121,0.15285,0.2811
0.542554,0.101388,0.83388,0.0579,0.736763,0.419402,-0.53036,0.09128,-0.403503,0.902121,0.15285,0.2811
0.542554,0.101388,0.83388,0.0579,0.736763,0.419402,-0.53036,0.09128,-0.403503,0.902121,0.15285,0.2811
0.542554,0.101388,0.83388,0.0579,0.736763,0.419402,-0.53036,0.09128,-0.403503,0.902121,0.15285,0.2811
0.542554,0.101388,0.83388,0.0579,0.736763,0.419402,-0.53036,0.09128,-0.403503,0.902121,0.15285,0.2811
0.542554,0.101388,0.83388,0.0579,0.736763,0.419402,-0.53036,0.09128,-0.403503,0.902121,0.15285,0.2811
0.542554,0.101388,0.83388,0.0579,0.736763,0.419402,-0.53036,0.09128,-0.403503,0.902121,0.15285,0.2811
0.542554,0.101388,0.83388,0.0579,0.736763,0.419402,-0.53036,0.09128,-0.403503,0.902121,0.15285,0.2811
0.543427,0.101933,0.833244,0.05777,0.736685,0.417986,-0.531586,0.091036,-0.402471,0.902717,0.152052,0.28094
0.543427,0.101933,0.833244,0.05777,0.736685,0.417986,-0.531586,0.091036,-0.402471,0.902717,0.152052,0.28094
0.543427,0.101933,0.833244,0.05777,0.736685,0.417986,-0.531586,0.091036,-0.402471,0.902717,0.152052,0.28094
0.543427,0.101933,0.833244,0.05777,0.736685,0.417986,-0.531586,0.091036,-0.402471,0.902717,0.152052,0.28094
0.543427,0.101933,0.833244,0.05777,0.736685,0.417986,-0.531586,0.091036,-0.402471,0.902717,0.152052,0.28094
0.543427,0.101933,0.833244,0.05777,0.736685,0.417986,-0.531586,0.091036,-0.402471,0.902717,0.152052,0.28094
0.543427,0.101933,0.833244,0.05777,0.736685,0.417986,-0.531586,0.091036,-0.402471,0.902717,0.152052,0.28094
0.543427,0.101933,0.833244,0.05777,0.736685,0.417986,-0.531586,0.091036,-0.402471,0.902717,0.152052,0.28094
0.544377,0.102517,0.832553,0.05763,0.736534,0.416587,-0.532891,0.090772,-0.401461,0.903297,0.151273,0.28077
0.544377,0.102517,0.832553,0.05763,0.736534,0.416587,-0.532891,0.090772,-0.401461,0.903297,0.151273,0.28077
0.544377,0.102517,0.832553,0.05763,0.736534,0.416587,-0.532891,0.090772,-0.401461,0.903297,0.151273,0.28077
0.544377,0.102517,0.832553,0.05763,0.736534,0.416587,-0.532891,0.090772,-0.401461,0.903297,0.151273,0.28077
0.544377,0.102517,0.832553,0.05763,0.736534,0.416587,-0.532891,0.090772,-0.401461,0.903297,0.151273,0.28077
0.544377,0.102517,0.832553,0.05763,0.736534,0.416587,-0.532891,0.090772,-0.401461,0.903297,0.151273,0.28077
0.544377,0.102517,0.832553,0.05763,0.736534,0.416587,-0.532891,0.090772,-0.401461,0.903297,0.151273,0.28077
0.544377,0.102517,0.832553,0.05763,0.736534,0.416587,-0.532891,0.090772,-0.401461,0.903297,0.151273,0.28077
0.545211,0.103035,0.831943,0.0575,0.736413,0.415323,-0.534043,0.090538,-0.400551,0.90382,0.150562,0.28062
0.545211,0.103035,0.831943,0.0575,0.736413,0.415323,-0.534043,0.090538,-0.400551,0.90382,0.150562,0.28062
0.545211,0.103035,0.831943,0.0575,0.736413,0.415323,-0.534043,0.090538,-0.400551,0.90382,0.150562,0.28062
0.545211,0.103035,0.831943,0.0575,0.736413,0.415323,-0.534043,0.090538,-0.400551,0.90382,0.150562,0.28062
0.545211,0.103035,0.831943,0.0575,0.736413,0.415323,-0.534043,0.090538,-0.400551,0.90382,0.150562,0.28062
0.545211,0.103035,0.831943,0.0575,0.736413,0.415323,-0.534043,0.090538,-0.400551,0.90382,0.150562,0.28062
0.545211,0.103035,0.831943,0.0575,0.736413,0.415323,-0.534043,0.090538,-0.400551,0.90382,0.150562,0.28062
0.545211,0.103035,0.831943,0.0575,0.736413,0.415323,-0.534043,0.090538,-0.400551,0.90382,0.150562,0.28062
0.546098,0.103582,0.831293,0.05737,0.736281,0.413983,-0.535265,0.090292,-0.399585,0.904372,0.149809,0.28045
0.546098,0.103582,0.831293,0.05737,0.736281,0.413983,-0.535265,0.090292,-0.399585,0.904372,0.149809,0.28045
0.546098,0.103582,0.831293,0.05737,0.736281,0.413983,-0.535265,0.090292,-0.399585,0.904372,0.149809,0.28045
0.546098,0.103582,0.831293,0.05737,0.736281,0.413983,-0.535265,0.090292,-0.399585,0.904372,0.149809,0.28045
0.546098,0.103582,0.831293,0.05737,0.736281,0.413983,-0.535265,0.090292,-0.399585,0.904372,0.149809,0.28045
0.546098,0.103582,0.831293,0.05737,0.736281,0.413983,-0.535265,0.090292,-0.399585,0.904372,0.149809,0.28045
0.546098,0.103582,0.831293,0.05737,0.736281,0.413983,-0.535265,0.090292,-0.399585,0.904372,0.149809,0.28045
0.546098,0.103582,0.831293,0.05737,0.736281,0.413983,-0.535265,0.090292,-0.399585,0.904372,0.149809,0.28045
0.546984,0.104124,0.830642,0.05723,0.73615,0.412633,-0.536486,0.090046,-0.398611,0.904927,0.149052,0.28029
0.546984,0.104124,0.830642,0.05723,0.73615,0.412633,-0.536486,0.090046,-0.398611,0.904927,0.149052,0.28029
0.546984,0.104124,0.830642,0.05723,0.73615,0.412633,-0.536486,0.090046,-0.398611,0.904927,0.149052,0.28029
0.546984,0.104124,0.830642,0.05723,0.73615,0.412633,-0.536486,0.090046,-0.398611,0.904927,0.149052,0.28029
0.546984,0.104124,0.830642,0.05723,0.73615,0.412633,-0.536486,0.090046,-0.398611,0.904927,0.149052,0.28029
0.546984,0.104124,0.830642,0.05723,0.73615,0.412633,-0.536486,0.090046,-0.398611,0.904927,0.149052,0.28029
0.546984,0.104124,0.830642,0.05723,0.73615,0.412633,-0.536486,0.090046,-0.398611,0.904927,0.149052,0.28029
0.546984,0.104124,0.830642,0.05723,0.73615,0.412633,-0.536486,0.090046,-0.398611,0.904927,0.149052,0.28029
0.547908,0.104686,0.829962,0.05709,0.736023,0.4112,-0.537759,0.089791,-0.397576,0.905514,0.148248,0.28012
0.547908,0.104686,0.829962,0.05709,0.736023,0.4112,-0.537759,0.089791,-0.397576,0.905514,0.148248,0.28012
0.547908,0.104686,0.829962,0.05709,0.736023,0.4112,-0.537759,0.089791,-0.397576,0.905514,0.148248,0.28012
0.547908,0.104686,0.829962,0.05709,0.736023,0.4112,-0.537759,0.089791,-0.397576,0.905514,0.148248,0.28012
0.547908,0.104686,0.829962,0.05709,0.736023,0.4112,-0.537759,0.089791,-0.397576,0.905514,0.148248,0.28012
0.547908,0.104686,0.829962,0.05709,0.736023,0.4112,-0.537759,0.089791,-0.397576,0.905514,0.148248,0.28012
0.547908,0.104686,0.829962,0.05709,0.736023,0.4112,-0.537759,0.089791,-0.397576,0.905514,0.148248,0.28012
0.547908,0.104686,0.829962,0.05709,0.736023,0.4112,-0.537759,0.089791,-0.397576,0.905514,0.148248,0.28012
0.548802,0.105227,0.829303,0.05695,0.735886,0.409838,-0.538984,0.089545,-0.396596,0.906069,0.147485,0.27996
0.548802,0.105227,0.829303,0.05695,0.735886,0.409838,-0.538984,0.089545,-0.396596,0.906069,0.147485,0.27996
0.548802,0.105227,0.829303,0.05695,0.735886,0.409838,-0.538984,0.089545,-0.396596,0.906069,0.147485,0.27996
0.548802,0.105227,0.829303,0.05695,0.735886,0.409838,-0.538984,0.089545,-0.396596,0.906069,0.147485,0.27996
0.548802,0.105227,0.829303,0.05695,0.735886,0.409838,-0.538984,0.089545,-0.396596,0.906069,0.147485,0.27996
0.548802,0.105227,0.829303,0.05695,0.735886,0.409838,-0.538984,0.089545,-0.396596,0.906069,0.147485,0.27996
0.548802,0.105227,0.829303,0.05695,0.735886,0.409838,-0.538984,0.089545,-0.396596,0.906069,0.147485,0.27996
0.548802,0.105227,0.829303,0.05695,0.735886,0.409838,-0.538984,0.089545,-0.396596,0.906069,0.147485,0.27996
0.549641,0.105735,0.828683,0.05683,0.735762,0.408542,-0.540137,0.089314,-0.395664,0.906594,0.146756,0.27981
0.549641,0.105735,0.828683,0.05683,0.735762,0.408542,-0.540137,0.089314,-0.395664,0.906594,0.146756,0.27981
0.549641,0.105735,0.828683,0.05683,0.735762,0.408542,-0.540137,0.089314,-0.395664,0.906594,0.146756,0.27981
0.549641,0.105735,0.828683,0.05683,0.735762,0.408542,-0.540137,0.089314,-0.395664,0.906594,0.146756,0.27981
0.549641,0.105735,0.828683,0.05683,0.735762,0.408542,-0.540137,0.089314,-0.395664,0.906594,0.146756,0.27981
0.549641,0.105735,0.828683,0.05683,0.735762,0.408542,-0.540137,0.089314,-0.395664,0.906594,0.146756,0.27981
0.549641,0.105735,0.828683,0.05683,0.735762,0.408542,-0.540137,0.089314,-0.395664,0.906594,0.146756,0.27981
0.549641,0.105735,0.828683,0.05683,0.735762,0.408542,-0.540137,0.089314,-0.395664,0.906594,0.146756,0.27981
0.550548,0.106281,0.82801,0.05669,0.73561,0.407175,-0.541374,0.089064,-0.394683,0.907146,0.145988,0.27964
0.550548,0.106281,0.82801,0.05669,0.73561,0.407175,-0.541374,0.089064,-0.394683,0.907146,0.145988,0.27964
0.550548,0.106281,0.82801,0.05669,0.73561,0.407175,-0.541374,0.089064,-0.394683,0.907146,0.145988,0.27964
0.550548,0.106281,0.82801,0.05669,0.73561,0.407175,-0.541374,0.089064,-0.394683,0.907146,0.145988,0.27964
0.550548,0.106281,0.82801,0.05669,0.73561,0.407175,-0.541374,0.089064,-0.394683,0.907146,0.145988,0.27964
0.550548,0.106281,0.82801,0.05669,0.73561,0.407175,-0.541374,0.089064,-0.394683,0.907146,0.145988,0.27964
0.550548,0.106281,0.82801,0.05669,0.73561,0.407175,-0.541374,0.089064,-0.394683,0.907146,0.145988,0.27964
0.550548,0.106281,0.82801,0.05669,0.73561,0.407175,-0.541374,0.089064,-0.394683,0.907146,0.145988,0.27964
0.551432,0.106812,0.827354,0.05655,0.735481,0.405794,-0.542586,0.088821,-0.39369,0.907702,0.145209,0.27948
0.551432,0.106812,0.827354,0.05655,0.735481,0.405794,-0.542586,0.088821,-0.39369,0.907702,0.145209,0.27948
0.551432,0.106812,0.827354,0.05655,0.735481,0.405794,-0.542586,0.088821,-0.39369,0.907702,0.145209,0.27948
0.551432,0.106812,0.827354,0.05655,0.735481,0.405794,-0.542586,0.088821,-0.39369,0.907702,0.145209,0.27948
0.551432,0.106812,0.827354,0.05655,0.735481,0.405794,-0.542586,0.088821,-0.39369,0.907702,0.145209,0.27948
0.551432,0.106812,0.827354,0.05655,0.735481,0.405794,-0.542586,0.088821,-0.39369,0.907702,0.145209,0.27948
0.551432,0.106812,0.827354,0.05655,0.735481,0.405794,-0.542586,0.088821,-0.39369,0.907702,0.145209,0.27948
0.551432,0.106812,0.827354,0.05655,0.735481,0.405794,-0.542586,0.088821,-0.39369,0.907702,0.145209,0.27948
0.552377,0.107368,0.826651,0.0564,0.735337,0.404326,-0.543875,0.088565,-0.392631,0.908291,0.144389,0.2793
0.552377,0.107368,0.826651,0.0564,0.735337,0.404326,-0.543875,0.088565,-0.392631,0.908291,0.144389,0.2793
0.552377,0.107368,0.826651,0.0564,0.735337,0.404326,-0.543875,0.088565,-0.392631,0.908291,0.144389,0.2793
0.552377,0.107368,0.826651,0.0564,0.735337,0.404326,-0.543875,0.088565,-0.392631,0.908291,0.144389,0.2793
0.552377,0.107368,0.826651,0.0564,0.735337,0.404326,-0.543875,0.088565,-0.392631,0.908291,0.144389,0.2793
0.552377,0.107368,0.826651,0.0564,0.735337,0.404326,-0.543875,0.088565,-0.392631,0.908291,0.144389,0.2793
0.552377,0.107368,0.826651,0.0564,0.735337,0.404326,-0.543875,0.088565,-0.392631,0.908291,0.144389,0.2793
0.552377,0.107368,0.826651,0.0564,0.735337,0.404326,-0.543875,0.088565,-0.392631,0.908291,0.144389,0.2793
0.553237,0.107879,0.826009,0.05627,0.735191,0.403013,-0.545045,0.088329,-0.391692,0.908814,0.14365,0.27914
0.553237,0.107879,0.826009,0.05627,0.735191,0.403013,-0.545045,0.088329,-0.391692,0.908814,0.14365,0.27914
0.553237,0.107879,0.826009,0.05627,0.735191,0.403013,-0.545045,0.088329,-0.391692,0.908814,0.14365,0.27914
0.553237,0.107879,0.826009,0.05627,0.735191,0.403013,-0.545045,0.088329,-0.391692,0.908814,0.14365,0.27914
0.553237,0.107879,0.826009,0.05627,0.735191,0.403013,-0.545045,0.088329,-0.391692,0.908814,0.14365,0.27914
0.553237,0.107879,0.826009,0.05627,0.735191,0.403013,-0.545045,0.088329,-0.391692,0.908814,0.14365,0.27914
0.553237,0.107879,0.826009,0.05627,0.735191,0.403013,-0.545045,0.088329,-0.391692,0.908814,0.14365,0.27914
0.553237,0.107879,0.826009,0.05627,0.735191,0.403013,-0.545045,0.088329,-0.391692,0.908814,0.14365,0.27914
0.554127,0.108404,0.825343,0.05613,0.735057,0.401611,-0.546259,0.088086,-0.390684,0.909372,0.142861,0.27898
0.554127,0.108404,0.825343,0.05613,0.735057,0.401611,-0.546259,0.088086,-0.390684,0.909372,0.142861,0.27898
0.554127,0.108404,0.825343,0.05613,0.735057,0.401611,-0.546259,0.088086,-0.390684,0.909372,0.142861,0.27898
0.554127,0.108404,0.825343,0.05613,0.735057,0.401611,-0.546259,0.088086,-0.390684,0.909372,0.142861,0.27898
0.554127,0.108404,0.825343,0.05613,0.735057,0.401611,-0.546259,0.088086,-0.390684,0.909372,0.142861,0.27898
0.554127,0.108404,0.825343,0.05613,0.735057,0.401611,-0.546259,0.088086,-0.390684,0.909372,0.142861,0.27898
0.554127,0.108404,0.825343,0.05613,0.735057,0.401611,-0.546259,0.088086,-0.390684,0.909372,0.142861,0.27898
0.554127,0.108404,0.825343,0.05613,0.735057,0.401611,-0.546259,0.088086,-0.390684,0.909372,0.142861,0.27898
0.555009,0.108922,0.824682,0.05599,0.734891,0.400292,-0.54745,0.087847,-0.389743,0.909891,0.14212,0.27881
0.555009,0.108922,0.824682,0.05599,0.734891,0.400292,-0.54745,0.087847,-0.389743,0.909891,0.14212,0.27881
0.555009,0.108922,0.824682,0.05599,0.734891,0.400292,-0.54745,0.087847,-0.389743,0.909891,0.14212,0.27881
0.555009,0.108922,0.824682,0.05599,0.734891,0.400292,-0.54745,0.087847,-0.389743,0.909891,0.14212,0.27881
0.555009,0.108922,0.824682,0.05599,0.734891,0.400292,-0.54745,0.087847,-0.389743,0.909891,0.14212,0.27881
0.555009,0.108922,0.824682,0.05599,0.734891,0.400292,-0.54745,0.087847,-0.389743,0.909891,0.14212,0.27881
0.555009,0.108922,0.824682,0.05599,0.734891,0.400292,-0.54745,0.087847,-0.389743,0.909891,0.14212,0.27881
0.555009,0.108922,0.824682,0.05599,0.734891,0.400292,-0.54745,0.087847,-0.389743,0.909891,0.14212,0.27881
0.555936,0.109462,0.823986,0.05585,0.734722,0.398888,-0.548701,0.087596,-0.38874,0.910443,0.141332,0.27864
0.555936,0.109462,0.823986,0.05585,0.734722,0.398888,-0.548701,0.087596,-0.38874,0.910443,0.141332,0.27864
0.555936,0.109462,0.823986,0.05585,0.734722,0.398888,-0.548701,0.087596,-0.38874,0.910443,0.141332,0.27864
0.555936,0.109462,0.823986,0.05585,0.734722,0.398888,-0.548701,0.087596,-0.38874,0.910443,0.141332,0.27864
0.555936,0.109462,0.823986,0.05585,0.734722,0.398888,-0.548701,0.087596,-0.38874,0.910443,0.141332,0.27864
0.555936,0.109462,0.823986,0.05585,0.734722,0.398888,-0.548701,0.087596,-0.38874,0.910443,0.141332,0.27864
0.555936,0.109462,0.823986,0.05585,0.734722,0.398888,-0.548701,0.087596,-0.38874,0.910443,0.141332,0.27864
0.555936,0.109462,0.823986,0.05585,0.734722,0.398888,-0.548701,0.087596,-0.38874,0.910443,0.141332,0.27864
0.55684,0.109987,0.823305,0.05571,0.734574,0.397471,-0.549926,0.087353,-0.387725,0.910999,0.140534,0.27847
0.55684,0.109987,0.823305,0.05571,0.734574,0.397471,-0.549926,0.087353,-0.387725,0.910999,0.140534,0.27847
0.55684,0.109987,0.823305,0.05571,0.734574,0.397471,-0.549926,0.087353,-0.387725,0.910999,0.140534,0.27847
0.55684,0.109987,0.823305,0.05571,0.734574,0.397471,-0.549926,0.087353,-0.387725,0.910999,0.140534,0.27847
0.55684,0.109987,0.823305,0.05571,0.734574,0.397471,-0.549926,0.087353,-0.387725,0.910999,0.140534,0.27847
0.55684,0.109987,0.823305,0.05571,0.734574,0.397471,-0.549926,0.087353,-0.387725,0.910999,0.140534,0.27847
0.55684,0.109987,0.823305,0.05571,0.734574,0.397471,-0.549926,0.087353,-0.387725,0.910999,0.140534,0.27847
0.55684,0.109987,0.823305,0.05571,0.734574,0.397471,-0.549926,0.087353,-0.387725,0.910999,0.140534,0.27847
0.557706,0.110489,0.822652,0.05557,0.734423,0.396126,-0.551095,0.087119,-0.386764,0.911524,0.139777,0.27831
0.557706,0.110489,0.822652,0.05557,0.734423,0.396126,-0.551095,0.087119,-0.386764,0.911524,0.139777,0.27831
0.557706,0.110489,0.822652,0.05557,0.734423,0.396126,-0.551095,0.087119,-0.386764,0.911524,0.139777,0.27831
0.557706,0.110489,0.822652,0.05557,0.734423,0.396126,-0.551095,0.087119,-0.386764,0.911524,0.139777,0.27831
0.557706,0.110489,0.822652,0.05557,0.734423,0.396126,-0.551095,0.087119,-0.386764,0.911524,0.139777,0.27831
0.557706,0.110489,0.822652,0.05557,0.734423,0.396126,-0.551095,0.087119,-0.386764,0.911524,0.139777,0.27831
0.557706,0.110489,0.822652,0.05557,0.734423,0.396126,-0.551095,0.087119,-0.386764,0.911524,0.139777,0.27831
0.557706,0.110489,0.822652,0.05557,0.734423,0.396126,-0.551095,0.087119,-0.386764,0.911524,0.139777,0.27831
0.558609,0.11101,0.821969,0.05543,0.734275,0.394698,-0.552317,0.086876,-0.385743,0.91208,0.13897,0.27814
0.558609,0.11101,0.821969,0.05543,0.734275,0.394698,-0.552317,0.086876,-0.385743,0.91208,0.13897,0.27814
0.558609,0.11101,0.821969,0.05543,0.734275,0.394698,-0.552317,0.086876,-0.385743,0.91208,0.13897,0.27814
0.558609,0.11101,0.821969,0.05543,0.734275,0.394698,-0.552317,0.086876,-0.385743,0.91208,0.13897,0.27814
0.558609,0.11101,0.821969,0.05543,0.734275,0.394698,-0.552317,0.086876,-0.385743,0.91208,0.13897,0.27814
0.558609,0.11101,0.821969,0.05543,0.734275,0.394698,-0.552317,0.086876,-0.385743,0.91208,0.13897,0.27814
0.558609,0.11101,0.821969,0.05543,0.734275,0.394698,-0.552317,0.086876,-0.385743,0.91208,0.13897,0.27814
0.558609,0.11101,0.821969,0.05543,0.734275,0.394698,-0.552317,0.086876,-0.385743,0.91208,0.13897,0.27814
0.559495,0.111523,0.821297,0.05529,0.7341,0.393355,-0.553507,0.086637,-0.38479,0.912598,0.138211,0.27797
0.559495,0.111523,0.821297,0.05529,0.7341,0.393355,-0.553507,0.086637,-0.38479,0.912598,0.138211,0.27797
0.559495,0.111523,0.821297,0.05529,0.7341,0.393355,-0.553507,0.086637,-0.38479,0.912598,0.138211,0.27797
0.559495,0.111523,0.821297,0.05529,0.7341,0.393355,-0.553507,0.086637,-0.38479,0.912598,0.138211,0.27797
0.559495,0.111523,0.821297,0.05529,0.7341,0.393355,-0.553507,0.086637,-0.38479,0.912598,0.138211,0.27797
0.559495,0.111523,0.821297,0.05529,0.7341,0.393355,-0.553507,0.086637,-0.38479,0.912598,0.138211,0.27797
0.559495,0.111523,0.821297,0.05529,0.7341,0.393355,-0.553507,0.086637,-0.38479,0.912598,0.138211,0.27797
0.559495,0.111523,0.821297,0.05529,0.7341,0.393355,-0.553507,0.086637,-0.38479,0.912598,0.138211,0.27797
0.560436,0.112049,0.820583,0.05514,0.733923,0.39191,-0.554764,0.086387,-0.383756,0.913155,0.137405,0.2778
0.560436,0.112049,0.820583,0.05514,0.733923,0.39191,-0.554764,0.086387,-0.383756,0.913155,0.137405,0.2778
0.560436,0.112049,0.820583,0.05514,0.733923,0.39191,-0.554764,0.086387,-0.383756,0.913155,0.137405,0.2778
0.560436,0.112049,0.820583,0.05514,0.733923,0.39191,-0.554764,0.086387,-0.383756,0.913155,0.137405,0.2778
0.560436,0.112049,0.820583,0.05514,0.733923,0.39191,-0.554764,0.086387,-0.383756,0.913155,0.137405,0.2778
0.560436,0.112049,0.820583,0.05514,0.733923,0.39191,-0.554764,0.086387,-0.383756,0.913155,0.137405,0.2778
0.560436,0.112049,0.820583,0.05514,0.733923,0.39191,-0.554764,0.086387,-0.383756,0.913155,0.137405,0.2778
0.560436,0.112049,0.820583,0.05514,0.733923,0.39191,-0.554764,0.086387,-0.383756,0.913155,0.137405,0.2778
0.561298,0.112548,0.819925,0.055,0.733767,0.390552,-0.555927,0.086155,-0.382792,0.913675,0.136632,0.27763
0.561298,0.112548,0.819925,0.055,0.733767,0.390552,-0.555927,0.086155,-0.382792,0.913675,0.136632,0.27763
0.561298,0.112548,0.819925,0.055,0.733767,0.390552,-0.555927,0.086155,-0.382792,0.913675,0.136632,0.27763
0.561298,0.112548,0.819925,0.055,0.733767,0.390552,-0.555927,0.086155,-0.382792,0.913675,0.136632,0.27763
0.561298,0.112548,0.819925,0.055,0.733767,0.390552,-0.555927,0.086155,-0.382792,0.913675,0.136632,0.27763
0.561298,0.112548,0.819925,0.055,0.733767,0.390552,-0.555927,0.086155,-0.382792,0.913675,0.136632,0.27763
0.561298,0.112548,0.819925,0.055,0.733767,0.390552,-0.555927,0.086155,-0.382792,0.913675,0.136632,0.27763
0.561298,0.112548,0.819925,0.055,0.733767,0.390552,-0.555927,0.086155,-0.382792,0.913675,0.136632,0.27763
0.562199,0.113057,0.819237,0.05486,0.733582,0.389186,-0.557127,0.085915,-0.381823,0.914195,0.135864,0.27746
0.562199,0.113057,0.819237,0.05486,0.733582,0.389186,-0.557127,0.085915,-0.381823,0.914195,0.135864,0.27746
0.562199,0.113057,0.819237,0.05486,0.733582,0.389186,-0.557127,0.085915,-0.381823,0.914195,0.135864,0.27746
0.562199,0.113057,0.819237,0.05486,0.733582,0.389186,-0.557127,0.085915,-0.381823,0.914195,0.135864,0.27746
0.562199,0.113057,0.819237,0.05486,0.733582,0.389186,-0.557127,0.085915,-0.381823,0.914195,0.135864,0.27746
0.562199,0.113057,0.819237,0.05486,0.733582,0.389186,-0.557127,0.085915,-0.381823,0.914195,0.135864,0.27746
0.562199,0.113057,0.819237,0.05486,0.733582,0.389186,-0.557127,0.085915,-0.381823,0.914195,0.135864,0.27746
0.562199,0.113057,0.819237,0.05486,0.733582,0.389186,-0.557127,0.085915,-0.381823,0.914195,0.135864,0.27746
0.563092,0.113558,0.818554,0.05471,0.733405,0.387812,-0.558318,0.085677,-0.380847,0.914716,0.13509,0.27729
0.563092,0.113558,0.818554,0.05471,0.733405,0.387812,-0.558318,0.085677,-0.380847,0.914716,0.13509,0.27729
0.563092,0.113558,0.818554,0.05471,0.733405,0.387812,-0.558318,0.085677,-0.380847,0.914716,0.13509,0.27729
0.563092,0.113558,0.818554,0.05471,0.733405,0.387812,-0.558318,0.085677,-0.380847,0.914716,0.13509,0.27729
0.563092,0.113558,0.818554,0.05471,0.733405,0.387812,-0.558318,0.085677,-0.380847,0.914716,0.13509,0.27729
0.563092,0.113558,0.818554,0.05471,0.733405,0.387812,-0.558318,0.085677,-0.380847,0.914716,0.13509,0.27729
0.563092,0.113558,0.818554,0.05471,0.733405,0.387812,-0.558318,0.085677,-0.380847,0.914716,0.13509,0.27729
0.563092,0.113558,0.818554,0.05471,0.733405,0.387812,-0.558318,0.085677,-0.380847,0.914716,0.13509,0.27729
0.564031,0.114076,0.817836,0.05456,0.733226,0.386346,-0.559568,0.085431,-0.379801,0.915272,0.134268,0.27711
0.564031,0.114076,0.817836,0.05456,0.733226,0.386346,-0.559568,0.085431,-0.379801,0.915272,0.134268,0.27711
0.564031,0.114076,0.817836,0.05456,0.733226,0.386346,-0.559568,0.085431,-0.379801,0.915272,0.134268,0.27711
0.564031,0.114076,0.817836,0.05456,0.733226,0.386346,-0.559568,0.085431,-0.379801,0.915272,0.134268,0.27711
0.564031,0.114076,0.817836,0.05456,0.733226,0.386346,-0.559568,0.085431,-0.379801,0.915272,0.134268,0.27711
0.564031,0.114076,0.817836,0.05456,0.733226,0.386346,-0.559568,0.085431,-0.379801,0.915272,0.134268,0.27711
0.564031,0.114076,0.817836,0.05456,0.733226,0.386346,-0.559568,0.085431,-0.379801,0.915272,0.134268,0.27711
0.564031,0.114076,0.817836,0.05456,0.733226,0.386346,-0.559568,0.085431,-0.379801,0.915272,0.134268,0.27711
0.564939,0.114578,0.817139,0.05442,0.733036,0.38496,-0.560771,0.085191,-0.378817,0.915794,0.133489,0.27694
0.564939,0.114578,0.817139,0.05442,0.733036,0.38496,-0.560771,0.085191,-0.378817,0.915794,0.133489,0.27694
0.564939,0.114578,0.817139,0.05442,0.733036,0.38496,-0.560771,0.085191,-0.378817,0.915794,0.133489,0.27694
0.564939,0.114578,0.817139,0.05442,0.733036,0.38496,-0.560771,0.085191,-0.378817,0.915794,0.133489,0.27694
0.564939,0.114578,0.817139,0.05442,0.733036,0.38496,-0.560771,0.085191,-0.378817,0.915794,0.133489,0.27694
